  EFITD    01/23/2002    #120740 00275ms           3  65  65
 2.140000105e+00 4.400000095e+00 8.500000238e-01 9.999999776e-03 0.000000000e+00
 1.032081127e+00-1.811900549e-02-5.101216584e-02 2.320167981e-02-5.228390098e-01
 7.027155625e+05-5.101216584e-02 0.000000000e+00 1.032081127e+00 0.000000000e+00
-1.811900549e-02 0.000000000e+00 2.320167981e-02 0.000000000e+00 0.000000000e+00
-4.825732708e-01-4.824187160e-01-4.822058380e-01-4.819370210e-01-4.816146791e-01
-4.812412560e-01-4.808191955e-01-4.803510308e-01-4.798392653e-01-4.792864323e-01
-4.786951542e-01-4.780679643e-01-4.774075150e-01-4.767164290e-01-4.759972692e-01
-4.752527177e-01-4.744854271e-01-4.736979604e-01-4.728930295e-01-4.720731676e-01
-4.712410271e-01-4.703992009e-01-4.695502222e-01-4.686965942e-01-4.678408802e-01
-4.669855237e-01-4.661328793e-01-4.652853906e-01-4.644452929e-01-4.636148810e-01
-4.627963006e-01-4.619916975e-01-4.612030387e-01-4.604322612e-01-4.596812129e-01
-4.589516521e-01-4.582451582e-01-4.575632811e-01-4.569073915e-01-4.562787414e-01
-4.556784332e-01-4.551074803e-01-4.545666873e-01-4.540567398e-01-4.535781145e-01
-4.531311393e-01-4.527159929e-01-4.523326457e-01-4.519808292e-01-4.516602159e-01
-4.513701200e-01-4.511097074e-01-4.508779943e-01-4.506736994e-01-4.504953027e-01
-4.503411353e-01-4.502092600e-01-4.500974417e-01-4.500032961e-01-4.499241412e-01
-4.498570561e-01-4.497988224e-01-4.497460127e-01-4.496949315e-01-4.496415257e-01
 1.175089844e+04 1.121251758e+04 1.069455371e+04 1.019660059e+04 9.718239258e+03
 9.259038086e+03 8.818551758e+03 8.396328125e+03 7.991901367e+03 7.604799805e+03
 7.234541992e+03 6.880640137e+03 6.542600098e+03 6.219923340e+03 5.912105957e+03
 5.618641602e+03 5.339021484e+03 5.072734863e+03 4.819270508e+03 4.578118164e+03
 4.348768555e+03 4.130713867e+03 3.923451416e+03 3.726480225e+03 3.539306152e+03
 3.361439941e+03 3.192399658e+03 3.031710938e+03 2.878908447e+03 2.733535889e+03
 2.595148193e+03 2.463311279e+03 2.337603516e+03 2.217616943e+03 2.102957275e+03
 1.993246094e+03 1.888120361e+03 1.787234497e+03 1.690260742e+03 1.596890259e+03
 1.506833740e+03 1.419822998e+03 1.335611206e+03 1.253974121e+03 1.174711060e+03
 1.097645630e+03 1.022626831e+03 9.495300293e+02 8.782575684e+02 8.087399902e+02
 7.409368896e+02 6.748377075e+02 6.104628906e+02 5.478645630e+02 4.871276550e+02
 4.283706665e+02 3.717466736e+02 3.174442749e+02 2.656885071e+02 2.167416840e+02
 1.709043884e+02 1.285164337e+02 8.995769501e+01 5.564910126e+01 2.605353546e+01
-5.194721743e-02-7.667750865e-02-1.004019007e-01-1.230982691e-01-1.447465867e-01
-1.653289497e-01-1.848295480e-01-2.032346576e-01-2.205326706e-01-2.367140949e-01
-2.517715394e-01-2.656996846e-01-2.784953713e-01-2.901574969e-01-3.006870449e-01
-3.100871742e-01-3.183631003e-01-3.255221248e-01-3.315736949e-01-3.365293443e-01
-3.404027224e-01-3.432095349e-01-3.449676335e-01-3.456969857e-01-3.454196155e-01
-3.441597223e-01-3.419434726e-01-3.387993276e-01-3.347576857e-01-3.298511207e-01
-3.241143227e-01-3.175840676e-01-3.102992177e-01-3.023007810e-01-2.936317921e-01
-2.843374610e-01-2.744651139e-01-2.640641034e-01-2.531859279e-01-2.418842018e-01
-2.302146405e-01-2.182350457e-01-2.060053200e-01-1.935874969e-01-1.810456663e-01
-1.684460789e-01-1.558570415e-01-1.433489919e-01-1.309944689e-01-1.188680977e-01
-1.070466265e-01-9.560889006e-02-8.463584632e-02-7.421053201e-02-6.441811472e-02
-5.534583703e-02-4.708307236e-02-3.972128034e-02-3.335402533e-02-2.807698213e-02
-2.398792468e-02-2.118672989e-02-1.977538131e-02-1.985795982e-02-2.154065669e-02
-4.731746562e+05-4.553955625e+05-4.379605312e+05-4.208816250e+05-4.041700312e+05
-3.878361562e+05-3.718896875e+05-3.563393750e+05-3.411933125e+05-3.264586875e+05
-3.121419375e+05-2.982487500e+05-2.847839375e+05-2.717515625e+05-2.591548438e+05
-2.469962812e+05-2.352774844e+05-2.239993594e+05-2.131619375e+05-2.027645156e+05
-1.928055312e+05-1.832826875e+05-1.741928594e+05-1.655321094e+05-1.572957344e+05
-1.494782188e+05-1.420732656e+05-1.350737656e+05-1.284717969e+05-1.222586875e+05
-1.164249297e+05-1.109602422e+05-1.058535234e+05-1.010928906e+05-9.666567188e+04
-9.255838281e+04-8.875674219e+04-8.524569531e+04-8.200935938e+04-7.903107031e+04
-7.629337500e+04-7.377801562e+04-7.146592969e+04-6.933727344e+04-6.737139844e+04
-6.554685938e+04-6.384140625e+04-6.223201562e+04-6.069484375e+04-5.920526172e+04
-5.773784766e+04-5.626637109e+04-5.476381250e+04-5.320235547e+04-5.155338672e+04
-4.978749609e+04-4.787447266e+04-4.578331641e+04-4.348222656e+04-4.093860156e+04
-3.811905469e+04-3.498939062e+04-3.151462305e+04-2.765896875e+04-2.338584766e+04
 4.658735270e-05 8.604223258e-04 2.560168970e-03 4.737121984e-03 6.693093572e-03
 8.169895038e-03 9.269602597e-03 1.010699291e-02 1.076900773e-02 1.131530851e-02
 1.178586204e-02 1.220765151e-02 1.259917859e-02 1.297326013e-02 1.333881449e-02
 1.370237581e-02 1.407015231e-02 1.445173379e-02 1.486655883e-02 1.535170712e-02
 1.596138440e-02 1.674612612e-02 1.772314310e-02 1.886675507e-02 2.012879401e-02
 2.146675624e-02 2.285454795e-02 2.427884936e-02 2.573315427e-02 2.721391059e-02
 2.871855348e-02 3.024456464e-02 3.178902715e-02 3.334841132e-02 3.491845727e-02
 3.649412096e-02 3.806960583e-02 3.963841125e-02 4.119343683e-02 4.272716492e-02
 4.423186928e-02 4.569986463e-02 4.712380469e-02 4.849694297e-02 4.981343076e-02
 5.106852576e-02 5.225875974e-02 5.338201672e-02 5.443754047e-02 5.542584136e-02
 5.634855852e-02 5.720825493e-02 5.800819770e-02 5.875213817e-02 5.944409221e-02
 6.008815393e-02 6.068835407e-02 6.124853343e-02 6.177225709e-02 6.226277724e-02
 6.272300333e-02 6.315548718e-02 6.356246769e-02 6.394584477e-02 6.430723518e-02
 8.457184595e-05 1.596881426e-03 5.028167740e-03 1.047593914e-02 1.323379204e-02
 1.376171038e-02 1.401825808e-02 1.417229045e-02 1.428834815e-02 1.439507958e-02
 1.450788043e-02 1.463706046e-02 1.479103137e-02 1.497751381e-02 1.520376466e-02
 1.547673438e-02 1.580390148e-02 1.619474776e-02 1.666208170e-02 1.722210459e-02
 1.789217442e-02 1.868630759e-02 1.961043477e-02 2.066048421e-02 2.182456665e-02
 2.308738790e-02 2.443403192e-02 2.585177869e-02 2.733040601e-02 2.886177227e-02
 3.043919615e-02 3.205680475e-02 3.370895237e-02 3.538977355e-02 3.709283471e-02
 3.881089389e-02 4.053578153e-02 4.225835949e-02 4.396861792e-02 4.565584660e-02
 4.730893299e-02 4.891676083e-02 5.046866462e-02 5.195492879e-02 5.336725712e-02
 5.469918251e-02 5.594633892e-02 5.710658059e-02 5.817994475e-02 5.916845053e-02
 6.007576361e-02 6.090681627e-02 6.166739389e-02 6.236371771e-02 6.300212443e-02
 6.358876824e-02 6.412941217e-02 6.462933868e-02 6.509321183e-02 6.552510709e-02
 6.592851877e-02 6.630635262e-02 6.666103750e-02 6.699453294e-02 6.730843335e-02
 1.206629750e-04 2.290094504e-03 7.285172585e-03 1.538845990e-02 2.130266093e-02
 2.022533864e-02 1.914381236e-02 1.840706915e-02 1.787640527e-02 1.748713851e-02
 1.720496453e-02 1.701186225e-02 1.690156013e-02 1.687704213e-02 1.694458723e-02
 1.710753702e-02 1.736672409e-02 1.772450097e-02 1.818539202e-02 1.875385270e-02
 1.943339221e-02 2.022747509e-02 2.113939263e-02 2.217056230e-02 2.331896871e-02
 2.457896993e-02 2.594187669e-02 2.739695460e-02 2.893330529e-02 3.054154851e-02
 3.221402317e-02 3.394411132e-02 3.572542965e-02 3.755119443e-02 3.941372782e-02
 4.130406678e-02 4.321173206e-02 4.512458667e-02 4.702887312e-02 4.890942201e-02
 5.075008050e-02 5.253433436e-02 5.424614996e-02 5.587087572e-02 5.739617348e-02
 5.881282687e-02 6.011524424e-02 6.130168214e-02 6.237405166e-02 6.333744526e-02
 6.419941783e-02 6.496915221e-02 6.565668434e-02 6.627219915e-02 6.682547182e-02
 6.732548028e-02 6.778023392e-02 6.819660962e-02 6.858041137e-02 6.893639266e-02
 6.926837564e-02 6.957936287e-02 6.987165660e-02 7.014698535e-02 7.040660828e-02
 1.418397878e-04 2.685073996e-03 8.482431993e-03 1.770267822e-02 2.461536042e-02
 2.386841364e-02 2.261101827e-02 2.156333625e-02 2.070810832e-02 2.001581341e-02
 1.945678890e-02 1.900338009e-02 1.863400079e-02 1.838416979e-02 1.831054315e-02
 1.839770377e-02 1.859892718e-02 1.891776361e-02 1.936961710e-02 1.995455474e-02
 2.064468525e-02 2.143691108e-02 2.234151028e-02 2.337751538e-02 2.454732917e-02
 2.585197799e-02 2.728856727e-02 2.883590572e-02 3.047206253e-02 3.218943998e-02
 3.398400918e-02 3.585208207e-02 3.778928146e-02 3.978992999e-02 4.184657708e-02
 4.394953325e-02 4.608646408e-02 4.824205860e-02 5.039788038e-02 5.253248662e-02
 5.462194979e-02 5.664087087e-02 5.856387690e-02 6.036747992e-02 6.203205511e-02
 6.354357302e-02 6.489475071e-02 6.608539075e-02 6.712182611e-02 6.801567227e-02
 6.878215820e-02 6.943832338e-02 7.000145316e-02 7.048790902e-02 7.091236860e-02
 7.128740847e-02 7.162343711e-02 7.192880660e-02 7.220999897e-02 7.247189432e-02
 7.271805406e-02 7.295096666e-02 7.317225635e-02 7.338290662e-02 7.358340919e-02
 1.512942690e-04 2.858689288e-03 8.991790004e-03 1.860461384e-02 2.596105076e-02
 2.551236190e-02 2.440266870e-02 2.338556945e-02 2.249032445e-02 2.172235399e-02
 2.107234113e-02 2.052182145e-02 2.004463226e-02 1.969561540e-02 1.955088601e-02
 1.947727613e-02 1.959958859e-02 1.985071413e-02 2.025999874e-02 2.087206021e-02
 2.158680931e-02 2.238816768e-02 2.325684950e-02 2.433970198e-02 2.554247156e-02
 2.690373920e-02 2.847976238e-02 3.016415983e-02 3.192229569e-02 3.376517445e-02
 3.569810092e-02 3.772323579e-02 3.984027356e-02 4.204648361e-02 4.433640465e-02
 4.670124128e-02 4.912810400e-02 5.159913749e-02 5.409068614e-02 5.657282844e-02
 5.900954828e-02 6.136004999e-02 6.358147413e-02 6.563288718e-02 6.747994572e-02
 6.909918040e-02 7.048081607e-02 7.162941247e-02 7.256214321e-02 7.330527902e-02
 7.388987392e-02 7.434768230e-02 7.470820099e-02 7.499684393e-02 7.523435354e-02
 7.543686032e-02 7.561638206e-02 7.578150928e-02 7.593809068e-02 7.608983666e-02
 7.623884082e-02 7.638603449e-02 7.653150707e-02 7.667475194e-02 7.681491971e-02
 1.541388629e-04 2.910672920e-03 9.143175557e-03 1.893120259e-02 2.638135664e-02
 2.604388632e-02 2.503736690e-02 2.410921641e-02 2.329291590e-02 2.259592712e-02
 2.201301605e-02 2.153717726e-02 2.116385475e-02 2.088908292e-02 2.070234716e-02
 2.056636475e-02 2.061027661e-02 2.068956010e-02 2.099018544e-02 2.143855393e-02
 2.233171277e-02 2.327160165e-02 2.420721948e-02 2.536501735e-02 2.661884576e-02
 2.802968770e-02 2.967034653e-02 3.142725304e-02 3.327462450e-02 3.522744030e-02
 3.729456291e-02 3.948188201e-02 4.179307073e-02 4.422960803e-02 4.679028317e-02
 4.947026074e-02 5.225964636e-02 5.514146388e-02 5.808913708e-02 6.106374785e-02
 6.401187181e-02 6.686560810e-02 6.954663992e-02 7.197541744e-02 7.408367097e-02
 7.582654059e-02 7.719033957e-02 7.819394022e-02 7.888321579e-02 7.932006568e-02
 7.956989110e-02 7.969192415e-02 7.973422855e-02 7.973279059e-02 7.971284539e-02
 7.969104499e-02 7.967758179e-02 7.967802137e-02 7.969470322e-02 7.972781360e-02
 7.977609336e-02 7.983744889e-02 7.990926504e-02 7.998873293e-02 8.007298410e-02
 1.525277621e-04 2.879727399e-03 9.043537080e-03 1.868699305e-02 2.606801130e-02
 2.563232183e-02 2.463382296e-02 2.381617017e-02 2.317587100e-02 2.267579548e-02
 2.228282019e-02 2.197803371e-02 2.175264247e-02 2.160127088e-02 2.152173407e-02
 2.151462995e-02 2.158030868e-02 2.170884050e-02 2.191995829e-02 2.251335233e-02
 2.333105914e-02 2.427466586e-02 2.531395108e-02 2.647210471e-02 2.776645869e-02
 2.921050228e-02 3.081214614e-02 3.256378695e-02 3.445610777e-02 3.649141267e-02
 3.867594153e-02 4.101706296e-02 4.352242872e-02 4.619949684e-02 4.905486107e-02
 5.209322274e-02 5.531555787e-02 5.871610343e-02 6.227730587e-02 6.596197188e-02
 6.970210373e-02 7.338708639e-02 7.686096430e-02 7.994428277e-02 8.247836679e-02
 8.436390758e-02 8.557984978e-02 8.618803322e-02 8.631969988e-02 8.613551408e-02
 8.577890694e-02 8.535351604e-02 8.492455631e-02 8.452893049e-02 8.418502659e-02
 8.389981836e-02 8.367352933e-02 8.350255340e-02 8.338125795e-02 8.330309391e-02
 8.326122165e-02 8.324895054e-02 8.325991780e-02 8.328825235e-02 8.332861215e-02
 1.475186000e-04 2.782346681e-03 8.718041703e-03 1.795515604e-02 2.472724020e-02
 2.371710353e-02 2.271310240e-02 2.235263586e-02 2.220526524e-02 2.211501449e-02
 2.204839513e-02 2.199961245e-02 2.197284810e-02 2.197927795e-02 2.203280106e-02
 2.214420028e-02 2.232239768e-02 2.257153019e-02 2.291254140e-02 2.351823822e-02
 2.426133305e-02 2.514974587e-02 2.616619878e-02 2.731630951e-02 2.860904671e-02
 3.004964441e-02 3.164626285e-02 3.340504691e-02 3.533095866e-02 3.743030503e-02
 3.971135244e-02 4.218472913e-02 4.486361146e-02 4.776366055e-02 5.090307072e-02
 5.430255458e-02 5.798504874e-02 6.197455525e-02 6.629290432e-02 7.095140964e-02
 7.592966408e-02 8.112160861e-02 8.621560037e-02 9.064152837e-02 9.397925436e-02
 9.603192657e-02 9.675986320e-02 9.627553821e-02 9.502460808e-02 9.356065840e-02
 9.216619283e-02 9.094053507e-02 8.990644664e-02 8.905668557e-02 8.837293088e-02
 8.783370256e-02 8.741771430e-02 8.710519224e-02 8.687833697e-02 8.672136068e-02
 8.662041277e-02 8.656339347e-02 8.653979003e-02 8.654050529e-02 8.655770868e-02
 1.422765490e-04 2.679365454e-03 8.364134468e-03 1.714364067e-02 2.289809100e-02
 2.042420767e-02 1.980807260e-02 2.053788118e-02 2.104212157e-02 2.144682407e-02
 2.172421850e-02 2.192188427e-02 2.207160182e-02 2.220514789e-02 2.236806229e-02
 2.258039266e-02 2.285056747e-02 2.321586385e-02 2.365933731e-02 2.419843525e-02
 2.483215556e-02 2.570987865e-02 2.668530121e-02 2.779633179e-02 2.906661108e-02
 3.048266470e-02 3.206723928e-02 3.382875025e-02 3.577629104e-02 3.792180121e-02
 4.026960209e-02 4.283527657e-02 4.563862830e-02 4.870290309e-02 5.205779523e-02
 5.574082211e-02 5.979998782e-02 6.429835409e-02 6.932129711e-02 7.498849183e-02
 8.147569001e-02 8.907124400e-02 9.843189269e-02 1.056294218e-01 1.104941890e-01
 1.121986210e-01 1.132364497e-01 1.087327078e-01 1.038093790e-01 1.002769247e-01
 9.761577845e-02 9.558121860e-02 9.401862323e-02 9.281972796e-02 9.190512449e-02
 9.121480584e-02 9.070227295e-02 9.033073485e-02 9.007056803e-02 8.989761025e-02
 8.979193121e-02 8.973694593e-02 8.971884102e-02 8.972606063e-02 8.974897116e-02
 1.408431417e-04 2.651418792e-03 8.270685561e-03 1.689022407e-02 2.246587537e-02
 1.924779080e-02 1.905580983e-02 2.017154917e-02 2.087316103e-02 2.140132897e-02
 2.178946324e-02 2.207849920e-02 2.230798453e-02 2.251232974e-02 2.272114530e-02
 2.295941487e-02 2.324824221e-02 2.360510081e-02 2.404457703e-02 2.458096854e-02
 2.523054183e-02 2.600540221e-02 2.690524049e-02 2.795063518e-02 2.917281725e-02
 3.052185290e-02 3.204484284e-02 3.380615264e-02 3.575015813e-02 3.789553419e-02
 4.025803134e-02 4.285407439e-02 4.570563138e-02 4.883143678e-02 5.227452889e-02
 5.607476458e-02 6.028962508e-02 6.499538571e-02 7.029765099e-02 7.635748386e-02
 8.342467248e-02 9.188474715e-02 1.022427753e-01 1.103108972e-01 1.156640202e-01
 1.175976545e-01 1.182451397e-01 1.132368296e-01 1.075007915e-01 1.033630297e-01
 1.003652215e-01 9.816516191e-02 9.653856605e-02 9.533613175e-02 9.445437044e-02
 9.381852299e-02 9.337265790e-02 9.307363629e-02 9.288744628e-02 9.278675169e-02
 9.274931252e-02 9.275690466e-02 9.279449284e-02 9.284972399e-02 9.291243553e-02
 1.444058435e-04 2.720206277e-03 8.496002294e-03 1.741392538e-02 2.327044308e-02
 1.966449432e-02 2.011646889e-02 2.130478807e-02 2.181364968e-02 2.214419097e-02
 2.238062210e-02 2.255963534e-02 2.270779945e-02 2.284835652e-02 2.300280891e-02
 2.319126576e-02 2.343206294e-02 2.374173142e-02 2.413516678e-02 2.462589182e-02
 2.522655390e-02 2.594879828e-02 2.680353634e-02 2.780137956e-02 2.895141020e-02
 3.026268445e-02 3.175090998e-02 3.342469037e-02 3.527522087e-02 3.736121953e-02
 3.969115391e-02 4.220740125e-02 4.501704127e-02 4.810325801e-02 5.146695301e-02
 5.516735464e-02 5.927409604e-02 6.382840127e-02 6.883285940e-02 7.439826429e-02
 8.062544465e-02 8.763018250e-02 9.544806182e-02 1.018477008e-01 1.063782200e-01
 1.086998358e-01 1.094690785e-01 1.072855368e-01 1.041683629e-01 1.016773582e-01
 9.975827485e-02 9.830901772e-02 9.723831713e-02 9.647013247e-02 9.594219178e-02
 9.560367465e-02 9.541292489e-02 9.533558786e-02 9.534316510e-02 9.541192651e-02
 9.552207589e-02 9.565710276e-02 9.580333531e-02 9.594953805e-02 9.608656913e-02
 1.511326991e-04 2.851343481e-03 8.939655498e-03 1.843695715e-02 2.556568198e-02
 2.499165013e-02 2.411213890e-02 2.365908958e-02 2.345927060e-02 2.335125953e-02
 2.327550575e-02 2.321840078e-02 2.317932248e-02 2.316451073e-02 2.318486385e-02
 2.325585857e-02 2.339203842e-02 2.360727824e-02 2.391426079e-02 2.432272211e-02
 2.484398149e-02 2.548944391e-02 2.627002075e-02 2.719641477e-02 2.827914990e-02
 2.952863462e-02 3.095510229e-02 3.256848082e-02 3.437907249e-02 3.639751673e-02
 3.863153234e-02 4.109018296e-02 4.379396513e-02 4.673998803e-02 4.989895970e-02
 5.342902243e-02 5.724113435e-02 6.130830571e-02 6.563495845e-02 7.033702731e-02
 7.522961497e-02 8.023034036e-02 8.508718759e-02 8.942976594e-02 9.295917302e-02
 9.550796449e-02 9.704147279e-02 9.767109156e-02 9.767688811e-02 9.739579260e-02
 9.705981612e-02 9.678472579e-02 9.661578387e-02 9.656209499e-02 9.661538899e-02
 9.675970674e-02 9.697631001e-02 9.724621475e-02 9.755142778e-02 9.787557274e-02
 9.820415825e-02 9.852467477e-02 9.882658720e-02 9.910125285e-02 9.934183955e-02
 1.570876630e-04 2.965083113e-03 9.304398671e-03 1.919857599e-02 2.685684524e-02
 2.674695291e-02 2.599865943e-02 2.536281012e-02 2.484803088e-02 2.443163097e-02
 2.408598736e-02 2.379304357e-02 2.354358882e-02 2.333458140e-02 2.316650003e-02
 2.307286672e-02 2.306239307e-02 2.314771898e-02 2.334588766e-02 2.364348993e-02
 2.405695058e-02 2.459975891e-02 2.528141253e-02 2.611292340e-02 2.710535750e-02
 2.826914936e-02 2.961384878e-02 3.114866652e-02 3.288254887e-02 3.482421488e-02
 3.698222339e-02 3.936510533e-02 4.198052734e-02 4.483027384e-02 4.788827151e-02
 5.111733079e-02 5.453848466e-02 5.815253779e-02 6.193711981e-02 6.584836543e-02
 6.981491297e-02 7.377132028e-02 7.756575197e-02 8.109109849e-02 8.425176889e-02
 8.690927923e-02 8.906039596e-02 9.074417502e-02 9.204932302e-02 9.308599681e-02
 9.395538270e-02 9.473356605e-02 9.546961635e-02 9.619074315e-02 9.690871090e-02
 9.762522578e-02 9.833589196e-02 9.903288633e-02 9.970685095e-02 1.003480554e-01
 1.009472683e-01 1.014962643e-01 1.019881293e-01 1.024174765e-01 1.027804613e-01
 1.605978177e-04 3.030612832e-03 9.503736161e-03 1.963682473e-02 2.744371258e-02
 2.751743048e-02 2.686371654e-02 2.622441761e-02 2.562649734e-02 2.507545613e-02
 2.456696704e-02 2.409822680e-02 2.366813831e-02 2.327798866e-02 2.293192036e-02
 2.266381308e-02 2.248132043e-02 2.239448577e-02 2.241460048e-02 2.255230397e-02
 2.282253280e-02 2.324446663e-02 2.380260453e-02 2.451456338e-02 2.539474703e-02
 2.645453066e-02 2.770050243e-02 2.914057113e-02 3.078229725e-02 3.263295442e-02
 3.469952941e-02 3.698910400e-02 3.951015696e-02 4.227429256e-02 4.525149614e-02
 4.830612242e-02 5.141496658e-02 5.466757342e-02 5.805144086e-02 6.152373925e-02
 6.503099948e-02 6.850872189e-02 7.188629359e-02 7.509954274e-02 7.806747407e-02
 8.081436902e-02 8.333298564e-02 8.557835966e-02 8.762407303e-02 8.950339258e-02
 9.124805778e-02 9.287962317e-02 9.441626072e-02 9.587148577e-02 9.725325555e-02
 9.856442362e-02 9.980382770e-02 1.009674743e-01 1.020497680e-01 1.030444875e-01
 1.039456576e-01 1.047481447e-01 1.054481566e-01 1.060434431e-01 1.065334752e-01
 1.622519922e-04 3.061148105e-03 9.594351053e-03 1.975102164e-02 2.770266496e-02
 2.783697471e-02 2.721626498e-02 2.656752989e-02 2.593216300e-02 2.530630492e-02
 2.468663268e-02 2.407899685e-02 2.348897420e-02 2.292280272e-02 2.241292223e-02
 2.196975052e-02 2.160464600e-02 2.133004740e-02 2.115928568e-02 2.110625803e-02
 2.118538879e-02 2.141073905e-02 2.179393917e-02 2.234945260e-02 2.309359424e-02
 2.404540777e-02 2.518246509e-02 2.651866153e-02 2.805997990e-02 2.981249057e-02
 3.178066015e-02 3.396659717e-02 3.637003526e-02 3.898724541e-02 4.180921987e-02
 4.481446370e-02 4.801666737e-02 5.099302903e-02 5.415077880e-02 5.741237104e-02
 6.072427332e-02 6.403928995e-02 6.731114537e-02 7.049603760e-02 7.355529070e-02
 7.645615935e-02 7.916697115e-02 8.167474717e-02 8.400221169e-02 8.663995564e-02
 8.915442228e-02 9.154615551e-02 9.381587058e-02 9.596479684e-02 9.799312800e-02
 9.989918768e-02 1.016792208e-01 1.033278257e-01 1.048387215e-01 1.062056646e-01
 1.074233055e-01 1.084878966e-01 1.093977168e-01 1.101534143e-01 1.107579991e-01
 1.628257014e-04 3.071576357e-03 9.624027647e-03 1.983166672e-02 2.779063955e-02
 2.790422365e-02 2.725765854e-02 2.657485567e-02 2.592331171e-02 2.522728778e-02
 2.450349927e-02 2.376244403e-02 2.301208116e-02 2.228844166e-02 2.160413936e-02
 2.097251453e-02 2.040790208e-02 1.992567070e-02 1.954207383e-02 1.927398331e-02
 1.913854666e-02 1.915276982e-02 1.933313347e-02 1.969574019e-02 2.025591210e-02
 2.102742344e-02 2.202096395e-02 2.325185575e-02 2.469011396e-02 2.634757757e-02
 2.822886966e-02 3.033024259e-02 3.264717385e-02 3.517170250e-02 3.789159656e-02
 4.078842700e-02 4.383492470e-02 4.701029509e-02 5.019493774e-02 5.344724655e-02
 5.675636977e-02 6.009715050e-02 6.343786418e-02 6.674820185e-02 7.000085711e-02
 7.317176461e-02 7.623993605e-02 7.918848842e-02 8.201168478e-02 8.470340818e-02
 8.778738230e-02 9.091927856e-02 9.390226752e-02 9.672913700e-02 9.939841926e-02
 1.019041166e-01 1.042371988e-01 1.063868925e-01 1.083421260e-01 1.100929230e-01
 1.116316542e-01 1.129539460e-01 1.140592694e-01 1.149511784e-01 1.156370640e-01
 1.628145692e-04 3.071146784e-03 9.620903060e-03 1.980892941e-02 2.777337283e-02
 2.782456204e-02 2.713628858e-02 2.646391653e-02 2.572942711e-02 2.493468300e-02
 2.408925816e-02 2.320458554e-02 2.229246683e-02 2.139036357e-02 2.051091753e-02
 1.966895722e-02 1.888117567e-02 1.816582121e-02 1.754236594e-02 1.703111082e-02
 1.665273309e-02 1.642780565e-02 1.637630537e-02 1.651714183e-02 1.686763205e-02
 1.744290814e-02 1.825532317e-02 1.931411587e-02 2.062342130e-02 2.218973823e-02
 2.402165532e-02 2.607690543e-02 2.835790068e-02 3.085538745e-02 3.355863318e-02
 3.645350412e-02 3.952321783e-02 4.274943098e-02 4.610840231e-02 4.954789579e-02
 5.300590396e-02 5.650291592e-02 6.003333256e-02 6.357223541e-02 6.710467488e-02
 7.061915845e-02 7.410475612e-02 7.755126059e-02 8.094957471e-02 8.428783715e-02
 8.754026890e-02 9.120498598e-02 9.487146884e-02 9.836959839e-02 1.016907394e-01
 1.048204601e-01 1.077383012e-01 1.104216352e-01 1.128484905e-01 1.149999425e-01
 1.168621480e-01 1.184278801e-01 1.196972728e-01 1.206778809e-01 1.213839501e-01
 1.625071309e-04 3.065248253e-03 9.601559490e-03 1.975133084e-02 2.768432721e-02
 2.772361226e-02 2.702787705e-02 2.625933290e-02 2.540850826e-02 2.448047325e-02
 2.348282374e-02 2.242458612e-02 2.133926935e-02 2.024045959e-02 1.914361119e-02
 1.806630753e-02 1.702824794e-02 1.605101675e-02 1.515773311e-02 1.437257417e-02
 1.372023486e-02 1.322534773e-02 1.291187480e-02 1.280250307e-02 1.291804761e-02
 1.327687316e-02 1.389438100e-02 1.478260662e-02 1.594997570e-02 1.740170456e-02
 1.913934387e-02 2.115937136e-02 2.346287295e-02 2.599575557e-02 2.875741199e-02
 3.173556924e-02 3.491834551e-02 3.829207644e-02 4.184044525e-02 4.553782567e-02
 4.933573306e-02 5.316398665e-02 5.696566403e-02 6.077193096e-02 6.462015957e-02
 6.851641834e-02 7.245451957e-02 7.642447203e-02 8.041471988e-02 8.441439271e-02
 8.843258768e-02 9.257337451e-02 9.682787210e-02 1.010078639e-01 1.050340235e-01
 1.088607311e-01 1.124430671e-01 1.157355085e-01 1.186950654e-01 1.212852225e-01
 1.234797016e-01 1.252654046e-01 1.266437173e-01 1.276300550e-01 1.282516867e-01
 1.620532857e-04 3.056681715e-03 9.574456140e-03 1.975994930e-02 2.755917795e-02
 2.755973302e-02 2.681156807e-02 2.594238147e-02 2.496328577e-02 2.388319746e-02
 2.271008678e-02 2.147523314e-02 2.018994838e-02 1.886835508e-02 1.752749830e-02
 1.618732698e-02 1.487052161e-02 1.360215619e-02 1.240922417e-02 1.132004708e-02
 1.036363002e-02 9.568976238e-03 8.964402601e-03 8.576880209e-03 8.431397378e-03
 8.550366387e-03 8.953075856e-03 9.655208327e-03 1.066844817e-02 1.200020686e-02
 1.365338732e-02 1.562634297e-02 1.791340858e-02 2.050396241e-02 2.339377999e-02
 2.652060241e-02 2.988566272e-02 3.348068148e-02 3.730303422e-02 4.136057943e-02
 4.570561275e-02 5.051856861e-02 5.410423875e-02 5.811295658e-02 6.228756905e-02
 6.659711897e-02 7.102788985e-02 7.556620240e-02 8.019762486e-02 8.490654826e-02
 8.968030661e-02 9.458074719e-02 9.962566942e-02 1.046348959e-01 1.095231622e-01
 1.142173111e-01 1.186377853e-01 1.227009147e-01 1.263250411e-01 1.294391304e-01
 1.319919974e-01 1.339595467e-01 1.353478581e-01 1.361911744e-01 1.365455538e-01
 1.614809007e-04 3.045966616e-03 9.541491047e-03 1.962799393e-02 2.745737135e-02
 2.741607837e-02 2.654317394e-02 2.554369532e-02 2.441758849e-02 2.316604182e-02
 2.181893960e-02 2.038504556e-02 1.887608878e-02 1.730725542e-02 1.569738984e-02
 1.406896301e-02 1.244782098e-02 1.086270623e-02 9.344643913e-03 7.926210761e-03
 6.640761625e-03 5.521665327e-03 4.601569381e-03 3.911727108e-03 3.481378779e-03
 3.337181639e-03 3.502666950e-03 3.997719847e-03 4.838076886e-03 6.034864113e-03
 7.594209164e-03 9.517016821e-03 1.179900952e-02 1.443108078e-02 1.740040630e-02
 2.069001831e-02 2.429177426e-02 2.814169601e-02 3.224579245e-02 3.660207614e-02
 4.121439904e-02 4.614674300e-02 5.113293231e-02 5.523112044e-02 5.979046598e-02
 6.457262486e-02 6.955481321e-02 7.472202182e-02 8.005882800e-02 8.554687351e-02
 9.115694463e-02 9.696936607e-02 1.030595154e-01 1.091587543e-01 1.151957065e-01
 1.210742891e-01 1.266685128e-01 1.318290085e-01 1.363959163e-01 1.402210742e-01
 1.431950182e-01 1.452699453e-01 1.464691013e-01 1.468786150e-01 1.466258466e-01
 1.607580198e-04 3.032236127e-03 9.497506544e-03 1.955347694e-02 2.729029395e-02
 2.714345418e-02 2.618643641e-02 2.507116273e-02 2.379918657e-02 2.237781137e-02
 2.083721384e-02 1.918494701e-02 1.743279025e-02 1.559703145e-02 1.369853970e-02
 1.176259946e-02 9.818480350e-03 7.898787968e-03 6.038650405e-03 4.274824634e-03
 2.644793130e-03 1.185924630e-03-6.526448851e-05-1.073737978e-03-1.806468586e-03
-2.232906641e-03-2.325433074e-03-2.059836406e-03-1.415844192e-03-3.777050588e-04
 1.065210789e-03 2.917868318e-03 5.179192871e-03 7.841994055e-03 1.089333184e-02
 1.431535836e-02 1.808705181e-02 2.218421921e-02 2.659255639e-02 3.124860674e-02
 3.615258634e-02 4.131002724e-02 4.682484269e-02 5.190254748e-02 5.683291331e-02
 6.215662137e-02 6.776364148e-02 7.362773269e-02 7.973992825e-02 8.609906584e-02
 9.271971136e-02 9.965234995e-02 1.069014594e-01 1.143689826e-01 1.219538301e-01
 1.295329630e-01 1.369213611e-01 1.438525915e-01 1.499875337e-01 1.549687982e-01
 1.585155427e-01 1.605138928e-01 1.610528082e-01 1.603865176e-01 1.588440090e-01
 1.599720999e-04 3.017417388e-03 9.451109916e-03 1.946138032e-02 2.713250369e-02
 2.690690383e-02 2.582226694e-02 2.456318773e-02 2.312347293e-02 2.152962238e-02
 1.978753507e-02 1.790625975e-02 1.589917019e-02 1.378465351e-02 1.158631500e-02
 9.332772344e-03 7.057082374e-03 4.795884714e-03 2.588373143e-03 4.752113018e-04
-1.502490370e-03-3.304058220e-03-4.889953416e-03-6.222280208e-03-7.265150081e-03
-7.984956726e-03-8.350648917e-03-8.334071375e-03-7.910437882e-03-7.058960386e-03
-5.763630848e-03-4.014084581e-03-1.806444023e-03 8.560272981e-04 3.962649498e-03
 7.495617960e-03 1.143103186e-02 1.574064977e-02 2.039477043e-02 2.536354773e-02
 3.056197241e-02 3.597446531e-02 4.155852646e-02 4.724198580e-02 5.307377502e-02
 5.912137777e-02 6.543051451e-02 7.202839851e-02 7.893603295e-02 8.617127687e-02
 9.372385591e-02 1.017046720e-01 1.104955375e-01 1.196284443e-01 1.292137951e-01
 1.392219365e-01 1.495038122e-01 1.596860439e-01 1.690234989e-01 1.764363199e-01
 1.809895933e-01 1.823376715e-01 1.808414310e-01 1.774454713e-01 1.731624454e-01
 1.591454347e-04 3.001839388e-03 9.402344003e-03 1.933771186e-02 2.695046365e-02
 2.664816752e-02 2.544291876e-02 2.404149808e-02 2.243870124e-02 2.065920271e-02
 1.870642416e-02 1.658906229e-02 1.432156656e-02 1.192448288e-02 9.424438700e-03
 6.853695959e-03 4.249299876e-03 1.651936676e-03-8.953653160e-04-3.348522820e-03
-5.663535558e-03-7.797375787e-03-9.708587080e-03-1.135761384e-02-1.270692050e-02
-1.372099947e-02-1.436638832e-02-1.461178903e-02-1.442839764e-02-1.379049476e-02
-1.267631631e-02-1.106918138e-02-8.958767168e-03-6.342371460e-03-3.225935623e-03
 3.754354839e-04 4.437713884e-03 8.929112926e-03 1.381218061e-02 1.904644258e-02
 2.459135652e-02 3.034791723e-02 3.630825132e-02 4.247251526e-02 4.886167496e-02
 5.551948771e-02 6.245999411e-02 6.972079724e-02 7.734845579e-02 8.539982885e-02
 9.394901991e-02 1.030883789e-01 1.129264757e-01 1.235964149e-01 1.352684349e-01
 1.481697708e-01 1.625911146e-01 1.788708717e-01 1.971748024e-01 2.114762068e-01
 2.188559175e-01 2.177412361e-01 2.082229406e-01 1.970130056e-01 1.875090003e-01
 1.582958939e-04 2.985723550e-03 9.350915439e-03 1.929053292e-02 2.674125694e-02
 2.629742026e-02 2.503496408e-02 2.350845002e-02 2.174942568e-02 1.978621073e-02
 1.762374490e-02 1.527203713e-02 1.274748147e-02 1.007339079e-02 7.279866841e-03
 4.403111525e-03 1.484261826e-03-1.432090648e-03-4.299483262e-03-7.071073167e-03
-9.700858034e-03-1.214452554e-02-1.435989980e-02-1.630703174e-02-1.794802025e-02
-1.924671605e-02-2.016841248e-02-2.067970857e-02-2.074862458e-02-2.034505829e-02
-1.944166236e-02-1.801511273e-02-1.604771055e-02-1.352917124e-02-1.045836601e-02
-6.844702642e-03-2.708771499e-03 1.918097027e-03 6.995613221e-03 1.247770805e-02
 1.831693575e-02 2.446961217e-02 3.083756566e-02 3.742885962e-02 4.426142573e-02
 5.137005076e-02 5.878766999e-02 6.654082239e-02 7.468164712e-02 8.327909559e-02
 9.242203832e-02 1.022016630e-01 1.127489880e-01 1.243108138e-01 1.371880770e-01
 1.518340856e-01 1.689691544e-01 1.897667348e-01 2.159412801e-01 2.362047583e-01
 2.470509112e-01 2.435143143e-01 2.259588987e-01 2.082041353e-01 1.950074285e-01
 1.575033093e-04 2.970830770e-03 9.304838255e-03 1.913882792e-02 2.661879733e-02
 2.611515857e-02 2.467540093e-02 2.299005166e-02 2.107711509e-02 1.893584244e-02
 1.657107659e-02 1.399424579e-02 1.122418046e-02 8.287430741e-03 5.217920523e-03
 2.055957448e-03-1.153295161e-03-4.361642525e-03-7.519732695e-03-1.057871804e-02
-1.349151786e-02-1.621357724e-02-1.870311238e-02-2.092092112e-02-2.282988839e-02
-2.439435013e-02-2.557947859e-02-2.635083906e-02-2.667426318e-02-2.651613206e-02
-2.584416047e-02-2.462869138e-02-2.284448221e-02-2.047288790e-02-1.750420220e-02
-1.393986214e-02-9.794077836e-03-5.094380584e-03 1.193390999e-04 5.797591992e-03
 1.188579388e-02 1.832999848e-02 2.508285642e-02 3.204792738e-02 3.924033046e-02
 4.668578133e-02 5.441369489e-02 6.245297194e-02 7.084723562e-02 7.965432853e-02
 8.894741535e-02 9.879765660e-02 1.093086079e-01 1.206755266e-01 1.331163049e-01
 1.469264030e-01 1.625235826e-01 1.805356443e-01 2.022621632e-01 2.189881206e-01
 2.301937044e-01 2.274968028e-01 2.137321383e-01 2.004596591e-01 1.900630891e-01
 1.567414729e-04 2.956429962e-03 9.259335697e-03 1.905542985e-02 2.647283114e-02
 2.585703507e-02 2.431621775e-02 2.250688709e-02 2.044704556e-02 1.813649014e-02
 1.558105927e-02 1.279388834e-02 9.796390310e-03 6.618462969e-03 3.297886578e-03
-1.210372793e-04-3.589400556e-03-7.055877242e-03-1.046886202e-02-1.377827022e-02
-1.693678834e-02-1.990050264e-02-2.262890339e-02-2.508441918e-02-2.723158523e-02
-2.903610095e-02-3.046390973e-02-3.148047253e-02-3.205040470e-02-3.213756159e-02
-3.170566261e-02-3.071953729e-02-2.914697118e-02-2.696110681e-02-2.414324507e-02
-2.068576403e-02-1.659469120e-02-1.189142093e-02-6.612939294e-03-8.100612904e-04
 5.456486251e-03 1.212185156e-02 1.912380010e-02 2.640894055e-02 3.388386965e-02
 4.156344756e-02 4.946668074e-02 5.761708319e-02 6.604342163e-02 7.477983087e-02
 8.386301249e-02 9.332393855e-02 1.032055765e-01 1.135724857e-01 1.244670972e-01
 1.358853877e-01 1.477189660e-01 1.596161723e-01 1.707307696e-01 1.796596050e-01
 1.851789057e-01 1.868592501e-01 1.851614118e-01 1.813589782e-01 1.767544448e-01
 1.560402889e-04 2.943196334e-03 9.217698127e-03 1.898505725e-02 2.632384561e-02
 2.562837675e-02 2.399251983e-02 2.206845023e-02 1.987358741e-02 1.740844548e-02
 1.467999350e-02 1.170326862e-02 8.502390236e-03 5.110620521e-03 1.569467480e-03
-2.073052572e-03-5.764718167e-03-9.451627731e-03-1.308056619e-02-1.660088636e-02
-1.996571943e-02-2.313241921e-02-2.606234886e-02-2.872009948e-02-3.107238933e-02
-3.308682516e-02-3.473071754e-02-3.597012162e-02-3.676924855e-02-3.709035739e-02
-3.689422086e-02-3.614125773e-02-3.479333222e-02-3.281626478e-02-3.018291667e-02
-2.687661164e-02-2.289456502e-02-1.825068891e-02-1.297710929e-02-7.123707794e-03
-7.552122697e-04 6.054130383e-03 1.322758757e-02 2.069325000e-02 2.838959359e-02
 3.622709587e-02 4.421444237e-02 5.236290023e-02 6.068501994e-02 6.919410080e-02
 7.790799439e-02 8.680988848e-02 9.581888467e-02 1.050153375e-01 1.143185049e-01
 1.236127466e-01 1.327051669e-01 1.412997395e-01 1.489991397e-01 1.553681940e-01
 1.600588262e-01 1.629317254e-01 1.641040295e-01 1.638982445e-01 1.627188176e-01
 1.554216142e-04 2.931567375e-03 9.181533940e-03 1.887962595e-02 2.619529143e-02
 2.544542216e-02 2.371607348e-02 2.168503962e-02 1.936965063e-02 1.676877029e-02
 1.388962474e-02 1.074888930e-02 7.373257540e-03 3.799162339e-03 7.152726175e-05
-3.758343635e-03-7.635437418e-03-1.150384732e-02-1.530931517e-02-1.900115609e-02
-2.253337950e-02-2.586496621e-02-2.895940281e-02-3.178365901e-02-3.430682421e-02
-3.649862856e-02-3.832804784e-02-3.976214677e-02-4.076531157e-02-4.129897803e-02
-4.132193699e-02-4.079133272e-02-3.966438398e-02-3.790087998e-02-3.546640649e-02
-3.233611211e-02-2.849874087e-02-2.396035753e-02-1.874705218e-02-1.290581003e-02
-6.502804812e-03 3.811220813e-04 7.657397538e-03 1.523771603e-02 2.304097451e-02
 3.099640086e-02 3.901783004e-02 4.710980505e-02 5.527264625e-02 6.350170076e-02
 7.178443670e-02 8.009658009e-02 8.840421587e-02 9.666168690e-02 1.047981530e-01
 1.127105430e-01 1.202616245e-01 1.272834539e-01 1.335914880e-01 1.390112936e-01
 1.434128881e-01 1.467403620e-01 1.490239799e-01 1.503693461e-01 1.509292722e-01
 1.548766013e-04 2.921236912e-03 9.148546495e-03 1.886037365e-02 2.605541795e-02
 2.522544004e-02 2.345916629e-02 2.135333046e-02 1.894247532e-02 1.623052545e-02
 1.322728302e-02 9.951716289e-03 6.433102302e-03 2.710763598e-03-1.167400391e-03
-5.147330463e-03-9.171782061e-03-1.318337116e-02-1.712724380e-02-2.095300332e-02
-2.461573668e-02-2.807611600e-02-3.129972890e-02-3.425582498e-02-3.691576421e-02
-3.925133124e-02-4.123319313e-02-4.282958061e-02-4.400540143e-02-4.472180083e-02
-4.493636638e-02-4.460399598e-02-4.367849976e-02-4.211505875e-02-3.987344727e-02
-3.692203015e-02-3.324214742e-02-2.883254923e-02-2.371303551e-02-1.792649925e-02
-1.153838728e-02-4.633061588e-03 2.692907583e-03 1.033949666e-02 1.821225509e-02
 2.622942999e-02 3.425418586e-02 4.227640852e-02 5.028571561e-02 5.826812983e-02
 6.620365381e-02 7.406616211e-02 8.182056993e-02 8.941619098e-02 9.679242969e-02
 1.038747430e-01 1.105761528e-01 1.168019325e-01 1.224577501e-01 1.274605393e-01
 1.317501217e-01 1.352983713e-01 1.381131113e-01 1.402355582e-01 1.417323053e-01
 1.544534025e-04 2.913306700e-03 9.124075994e-03 1.876781136e-02 2.598867193e-02
 2.513391525e-02 2.327642962e-02 2.109570801e-02 1.860595495e-02 1.580671966e-02
 1.270739269e-02 9.328077547e-03 5.699963775e-03 1.864672406e-03-2.127531683e-03
-6.220445968e-03-1.035515405e-02-1.447325200e-02-1.851959340e-02-2.244421095e-02
-2.620323561e-02-2.975886315e-02-3.307850286e-02-3.613336384e-02-3.889673203e-02
-4.134217650e-02-4.344184697e-02-4.516508803e-02-4.647742212e-02-4.734004289e-02
-4.770989344e-02-4.754044116e-02-4.678318277e-02-4.539001361e-02-4.331645742e-02
-4.052569345e-02-3.699320927e-02-3.271166235e-02-2.769524045e-02-2.198262513e-02
-1.563750580e-02-8.745909669e-03-1.410164055e-03 6.259644870e-03 1.415477227e-02
 2.217464708e-02 3.022802062e-02 3.820619360e-02 4.610202089e-02 5.390222743e-02
 6.158753857e-02 6.913327426e-02 7.650762796e-02 8.366980404e-02 9.057334810e-02
 9.716615081e-02 1.033921242e-01 1.091942713e-01 1.145188957e-01 1.193204150e-01
 1.235659942e-01 1.272390187e-01 1.303407401e-01 1.328895986e-01 1.349185407e-01
 1.541371894e-04 2.907302231e-03 9.105022065e-03 1.873167045e-02 2.591573074e-02
 2.502407320e-02 2.311898023e-02 2.090088464e-02 1.836231351e-02 1.550511550e-02
 1.234044321e-02 8.890038356e-03 5.186814815e-03 1.274184557e-03-2.795845969e-03
-6.965555251e-03-1.117488742e-02-1.536479127e-02-1.948000863e-02-2.347097173e-02
-2.729464695e-02-3.091439791e-02-3.429899737e-02-3.742111474e-02-4.025546834e-02
-4.277694970e-02-4.495884478e-02-4.677138105e-02-4.818063229e-02-4.914796725e-02
-4.963004589e-02-4.957951233e-02-4.894644767e-02-4.768065363e-02-4.573484138e-02
-4.306867719e-02-3.965355083e-02-3.547769412e-02-3.055099770e-02-2.490858175e-02
-1.861208677e-02-1.174768526e-02-4.420518875e-03 3.253891133e-03 1.115953829e-02
 1.918861829e-02 2.724633552e-02 3.518711030e-02 4.300214723e-02 5.067811161e-02
 5.819707736e-02 6.553713232e-02 7.267141342e-02 7.956732064e-02 8.618947864e-02
 9.250025451e-02 9.846103191e-02 1.040341333e-01 1.091851741e-01 1.138854697e-01
 1.181142703e-01 1.218603775e-01 1.251229793e-01 1.279115230e-01 1.302446872e-01
 1.539504301e-04 2.903756918e-03 9.093601257e-03 1.873630844e-02 2.584718168e-02
 2.494423836e-02 2.302989736e-02 2.079173177e-02 1.822598465e-02 1.533678733e-02
 1.213626936e-02 8.647003211e-03 4.902808461e-03 9.480687440e-04-3.164257854e-03
-7.375623100e-03-1.162536256e-02-1.585409418e-02-2.000653371e-02-2.403336950e-02
-2.789207734e-02-3.154669330e-02-3.496678919e-02-3.812587261e-02-4.099948704e-02
-4.356329888e-02-4.579126462e-02-4.765414447e-02-4.911838099e-02-5.014549941e-02
-5.069208518e-02-5.071041360e-02-5.014986917e-02-4.895918816e-02-4.708960652e-02
-4.449889809e-02-4.115620628e-02-3.704725578e-02-3.217940778e-02-2.658557892e-02
-2.032591775e-02-1.348626148e-02-6.172840949e-03 1.496268786e-03 9.401360527e-03
 1.743045449e-02 2.548492514e-02 3.339872509e-02 4.116300866e-02 4.876468331e-02
 5.618618429e-02 6.340781599e-02 7.040818781e-02 7.715697587e-02 8.362662792e-02
 8.978776634e-02 9.561067820e-02 1.010669023e-01 1.061308235e-01 1.107812524e-01
 1.150027141e-01 1.187864840e-01 1.221310943e-01 1.250423491e-01 1.275328547e-01
 1.539180666e-04 2.903204877e-03 9.092363529e-03 1.869465597e-02 2.584803104e-02
 2.496216260e-02 2.302618138e-02 2.077532373e-02 1.820196956e-02 1.530653518e-02
 1.209981926e-02 8.604018949e-03 4.852933343e-03 8.910543402e-04-3.228518413e-03
-7.447103504e-03-1.170393638e-02-1.593958400e-02-2.009876259e-02-2.413221635e-02
-2.799751237e-02-3.165882081e-02-3.508586064e-02-3.825230896e-02-4.113387316e-02
-4.370637983e-02-4.594393447e-02-4.781742394e-02-4.929339513e-02-5.033344403e-02
-5.089418590e-02-5.092788115e-02-5.038383603e-02-4.921064153e-02-4.735931382e-02
-4.478731751e-02-4.146340862e-02-3.737285733e-02-3.252254799e-02-2.694495395e-02
-2.069991268e-02-1.387315709e-02-6.571110804e-03 1.087643090e-03 8.982620202e-03
 1.700094156e-02 2.504323050e-02 3.293869644e-02 4.067910090e-02 4.825209081e-02
 5.563995615e-02 6.281790882e-02 6.976139545e-02 7.645066828e-02 8.286195993e-02
 8.896812797e-02 9.474164248e-02 1.001563817e-01 1.051890254e-01 1.098203361e-01
 1.140362322e-01 1.178286076e-01 1.211957484e-01 1.241424158e-01 1.266794950e-01
 1.540109661e-04 2.904887777e-03 9.097062983e-03 1.874311082e-02 2.585771680e-02
 2.496078983e-02 2.305953950e-02 2.083574049e-02 1.828568988e-02 1.541369129e-02
 1.223176997e-02 8.762213401e-03 5.038438831e-03 1.104373252e-03-2.987485612e-03
-7.178992033e-03-1.140977908e-02-1.562063023e-02-1.975627989e-02-2.376730368e-02
-2.761094831e-02-3.125094995e-02-3.465652838e-02-3.780083731e-02-4.065907747e-02
-4.320660606e-02-4.541714489e-02-4.726128653e-02-4.870539904e-02-4.971104115e-02
-5.023494363e-02-5.022967979e-02-4.964506999e-02-4.843045771e-02-4.653785750e-02
-4.392599687e-02-4.056509584e-02-3.644204885e-02-3.156536445e-02-2.596892975e-02
-1.971356571e-02-1.288531814e-02-5.590095650e-03 2.054827288e-03 9.930851869e-03
 1.792716794e-02 2.594634704e-02 3.382912278e-02 4.156813771e-02 4.915276915e-02
 5.657268688e-02 6.378617883e-02 7.072730362e-02 7.743731141e-02 8.387716860e-02
 9.001410007e-02 9.581685811e-02 1.012560278e-01 1.063053310e-01 1.109430864e-01
 1.151534542e-01 1.189274043e-01 1.222632527e-01 1.251666099e-01 1.276499629e-01
 1.542672835e-04 2.909752307e-03 9.112685919e-03 1.874744892e-02 2.594275959e-02
 2.506678179e-02 2.318298817e-02 2.099093981e-02 1.848241128e-02 1.565884985e-02
 1.253091265e-02 9.119663388e-03 5.457174033e-03 1.585927326e-03-2.442993922e-03
-6.572681479e-03-1.074369159e-02-1.489732414e-02-1.897839084e-02-2.293712646e-02
-2.673008293e-02-3.032004088e-02-3.367510810e-02-3.676725924e-02-3.957055137e-02
-4.205927998e-02-4.420627281e-02-4.598144069e-02-4.735073447e-02-4.827560112e-02
-4.871303216e-02-4.861627892e-02-4.793632403e-02-4.662421718e-02-4.463424161e-02
-4.192795232e-02-3.847889230e-02-3.427755460e-02-2.933598869e-02-2.369110659e-02
-1.740563661e-02-1.056587230e-02-3.275980242e-03 4.350434989e-03 1.219962165e-02
 2.016497031e-02 2.814872749e-02 3.602246195e-02 4.378003255e-02 5.140906945e-02
 5.888945982e-02 6.618384272e-02 7.325717062e-02 8.009497821e-02 8.666695654e-02
 9.293501824e-02 9.885936975e-02 1.044012010e-01 1.095251665e-01 1.142017916e-01
 1.184097007e-01 1.221372038e-01 1.253830940e-01 1.281565130e-01 1.304758787e-01
 1.546559506e-04 2.917128149e-03 9.136072360e-03 1.879264601e-02 2.603141405e-02
 2.520072088e-02 2.337436378e-02 2.123144269e-02 1.878567412e-02 1.603600755e-02
 1.299109031e-02 9.670030326e-03 6.102796644e-03 2.329648938e-03-1.600512071e-03
-5.632705521e-03-9.708962403e-03-1.377145573e-02-1.776521653e-02-2.164005674e-02
-2.535156347e-02-2.886114083e-02-3.213526681e-02-3.514416888e-02-3.786018863e-02
-4.025606439e-02-4.230329767e-02-4.397080839e-02-4.522397742e-02-4.602417722e-02
-4.632891342e-02-4.609261081e-02-4.526820406e-02-4.380949587e-02-4.167440534e-02
-3.882893547e-02-3.525171429e-02-3.093861789e-02-2.590680309e-02-2.019722760e-02
-1.387471147e-02-7.024819497e-03 2.524844022e-04 7.851629518e-03 1.567103900e-02
 2.362155728e-02 3.153597191e-02 3.940040246e-02 4.720176756e-02 5.492437631e-02
 6.254646927e-02 7.002493739e-02 7.731628418e-02 8.440306038e-02 9.124214947e-02
 9.777992964e-02 1.039586067e-01 1.097197309e-01 1.150084063e-01 1.197781041e-01
 1.239952520e-01 1.276426613e-01 1.307211518e-01 1.332487762e-01 1.352582127e-01
 1.551503665e-04 2.926395740e-03 9.164675139e-03 1.889339089e-02 2.611038089e-02
 2.530860715e-02 2.358799800e-02 2.153272368e-02 1.917963848e-02 1.653264835e-02
 1.360086352e-02 1.040210668e-02 6.964164786e-03 3.324650694e-03-4.702885635e-04
-4.368206486e-03-8.313153870e-03-1.224860363e-02-1.612005010e-02-1.987694763e-02
-2.347380482e-02-2.687038668e-02-3.003116511e-02-3.292420879e-02-3.551972285e-02
-3.778848425e-02-3.970038891e-02-4.122319445e-02-4.232171178e-02-4.295744002e-02
-4.308881238e-02-4.267212749e-02-4.166319966e-02-4.001982883e-02-3.770500794e-02
-3.469079733e-02-3.096252121e-02-2.652286738e-02-2.139508538e-02-1.562449522e-02
-9.277487174e-03-2.437613439e-03 4.800943192e-03 1.234131120e-02 2.009123378e-02
 2.796714567e-02 3.585004434e-02 4.373897985e-02 5.162788182e-02 5.950637162e-02
 6.736049801e-02 7.514306903e-02 8.279068768e-02 9.030148387e-02 9.760813415e-02
 1.046313941e-01 1.112814993e-01 1.174619570e-01 1.230772063e-01 1.280433536e-01
 1.322995722e-01 1.358172894e-01 1.386039108e-01 1.407003701e-01 1.421729922e-01
 1.557682408e-04 2.938107355e-03 9.202064946e-03 1.892211102e-02 2.626816183e-02
 2.555802278e-02 2.387849428e-02 2.190731466e-02 1.966168731e-02 1.713980548e-02
 1.434797700e-02 1.130157802e-02 8.025618270e-03 4.554564599e-03 9.312691400e-04
-2.794929314e-03-6.570670288e-03-1.034122240e-02-1.405293681e-02-1.765515655e-02
-2.110139839e-02-2.434974164e-02-2.736251056e-02-3.010539152e-02-3.254622221e-02
-3.465364501e-02-3.639582917e-02-3.773940727e-02-3.864881396e-02-3.908607736e-02
-3.901120648e-02-3.838324919e-02-3.716205433e-02-3.531073779e-02-3.279884905e-02
-2.960594557e-02-2.572532184e-02-2.116726339e-02-1.596118882e-02-1.015588548e-02
-3.817284247e-03 2.976335352e-03 1.014107652e-02 1.759457961e-02 2.526110969e-02
 3.301497176e-02 4.085404053e-02 4.877718538e-02 5.678210407e-02 6.486394256e-02
 7.301438600e-02 8.121803403e-02 8.944308758e-02 9.763485938e-02 1.057142094e-01
 1.135747209e-01 1.210779250e-01 1.280552894e-01 1.343218833e-01 1.397030205e-01
 1.440685242e-01 1.473623067e-01 1.496144086e-01 1.509302706e-01 1.514625251e-01
 1.564568083e-04 2.951045521e-03 9.242265485e-03 1.903555542e-02 2.640944719e-02
 2.576010488e-02 2.418386005e-02 2.233024128e-02 2.021648362e-02 1.784292608e-02
 1.521593519e-02 1.234938391e-02 9.265700355e-03 5.996053573e-03 2.579655033e-03
-9.377420065e-04-4.505911842e-03-8.072485216e-03-1.158519275e-02-1.499370672e-02
-1.825089008e-02-2.131335996e-02-2.414140664e-02-2.669840306e-02-2.894985676e-02
-3.086233884e-02-3.240243718e-02-3.353593498e-02-3.422733024e-02-3.443980590e-02
-3.413581103e-02-3.327820450e-02-3.183208406e-02-2.976724692e-02-2.706108801e-02
-2.370178141e-02-1.969125308e-02-1.504742727e-02-9.805082344e-03-4.014721606e-03
 2.260891953e-03 8.952437900e-03 1.599138603e-02 2.331799455e-02 3.079611436e-02
 3.842766583e-02 4.621827602e-02 5.417580158e-02 6.230859086e-02 7.062202692e-02
 7.910341769e-02 8.780024201e-02 9.687016904e-02 1.060443521e-01 1.153110042e-01
 1.245644391e-01 1.336148083e-01 1.421674490e-01 1.498258114e-01 1.561552584e-01
 1.608080715e-01 1.636450887e-01 1.647834927e-01 1.645456702e-01 1.633359343e-01
 1.572302426e-04 2.965646097e-03 9.288183413e-03 1.911471784e-02 2.657331154e-02
 2.601099573e-02 2.453781478e-02 2.280783281e-02 2.083749883e-02 1.862801053e-02
 1.618523709e-02 1.352138165e-02 1.065620314e-02 7.617439609e-03 4.440415651e-03
 1.166927628e-03-2.156425500e-03-5.480218213e-03-8.754185401e-03-1.192895230e-02
-1.495730598e-02-1.779491268e-02-2.040047571e-02-2.273542993e-02-2.476332150e-02
-2.644902654e-02-2.775800228e-02-2.865572274e-02-2.910743095e-02-2.907832339e-02
-2.853426710e-02-2.744304575e-02-2.577619068e-02-2.351124398e-02-2.063432336e-02
-1.714266464e-02-1.304668747e-02-8.371113800e-03-3.154585138e-03 2.552549588e-03
 8.692282252e-03 1.520432904e-02 2.203174867e-02 2.912502922e-02 3.640457243e-02
 4.388792068e-02 5.159451813e-02 5.954752117e-02 6.777480245e-02 7.631060481e-02
 8.520241082e-02 9.452845901e-02 1.043520570e-01 1.146842316e-01 1.255441010e-01
 1.369244009e-01 1.487173289e-01 1.605723202e-01 1.716443151e-01 1.805313230e-01
 1.860105544e-01 1.876530200e-01 1.859195977e-01 1.820835173e-01 1.774468869e-01
 1.580653916e-04 2.981462982e-03 9.338274598e-03 1.920804195e-02 2.673691884e-02
 2.629516087e-02 2.493090741e-02 2.333783917e-02 2.151244134e-02 1.947579905e-02
 1.723078825e-02 1.478702202e-02 1.216131356e-02 9.377886541e-03 6.468091160e-03
 3.469564253e-03 4.249149351e-04-2.619895153e-03-5.617260467e-03-8.519502357e-03
-1.128011756e-02-1.385460328e-02-1.620083675e-02-1.827905141e-02-2.005154081e-02
-2.148220874e-02-2.253613248e-02-2.317929082e-02-2.337856777e-02-2.310212515e-02
-2.232024446e-02-2.100659907e-02-1.913994737e-02-1.670610905e-02-1.369998138e-02
-1.012730692e-02-6.005746778e-03-1.364863128e-03 3.755357349e-03 9.307586588e-03
 1.524162758e-02 2.150953189e-02 2.807053551e-02 3.485062346e-02 4.186132923e-02
 4.911945388e-02 5.665023625e-02 6.449040025e-02 7.268391550e-02 8.128546178e-02
 9.036583453e-02 1.000668332e-01 1.105474755e-01 1.218861938e-01 1.342915744e-01
 1.480610967e-01 1.636139303e-01 1.815788150e-01 2.032558024e-01 2.199339122e-01
 2.310940474e-01 2.283577025e-01 2.145587802e-01 2.012530267e-01 1.908234209e-01
 1.589129097e-04 2.997393953e-03 9.387730621e-03 1.936735213e-02 2.687552013e-02
 2.650623396e-02 2.530756779e-02 2.386595868e-02 2.220521122e-02 2.035481855e-02
 1.831967570e-02 1.610909030e-02 1.373810973e-02 1.122811902e-02 8.606857620e-03
 5.907916464e-03 3.169787116e-03 4.345965281e-04-2.253301675e-03-4.848698154e-03
-7.306707092e-03-9.583651088e-03-1.163760852e-02-1.342865452e-02-1.491886284e-02
-1.607218944e-02-1.685436070e-02-1.723286882e-02-1.717722230e-02-1.665947586e-02
-1.565510780e-02-1.414422132e-02-1.211298257e-02-9.555137716e-03-6.473380141e-03
-2.880277345e-03 1.201561419e-03 5.740368273e-03 1.069733687e-02 1.603010669e-02
 2.169775404e-02 2.766430564e-02 3.385622427e-02 4.028067365e-02 4.695060477e-02
 5.388325080e-02 6.110856682e-02 6.867214292e-02 7.662416250e-02 8.502751589e-02
 9.396371990e-02 1.035953015e-01 1.141163707e-01 1.256452203e-01 1.384793669e-01
 1.530765146e-01 1.701591611e-01 1.909018010e-01 2.170192003e-01 2.372282445e-01
 2.480244040e-01 2.444444448e-01 2.268523425e-01 2.090624720e-01 1.958305091e-01
 1.597861410e-04 3.013935173e-03 9.440304711e-03 1.941597834e-02 2.708301134e-02
 2.684737369e-02 2.571996115e-02 2.440858632e-02 2.290882729e-02 2.124519274e-02
 1.942266151e-02 1.744998246e-02 1.534068491e-02 1.311369613e-02 1.079349685e-02
 8.409853093e-03 5.997160915e-03 3.593493486e-03 1.239476842e-03-1.022868440e-03
-3.151200945e-03-5.103751086e-03-6.839987822e-03-8.321063593e-03-9.510087781e-03
-1.037229598e-02-1.087522134e-02-1.098894794e-02-1.068652421e-02-9.944588877e-03
-8.744195104e-03-7.071808446e-03-4.920360167e-03-2.290196484e-03 8.102722350e-04
 4.364435561e-03 8.348016068e-03 1.273028459e-02 1.747558266e-02 2.254465409e-02
 2.790926024e-02 3.349620849e-02 3.929908201e-02 4.531721026e-02 5.156028643e-02
 5.804774538e-02 6.482272595e-02 7.192476094e-02 7.939790934e-02 8.729677647e-02
 9.569758922e-02 1.047188416e-01 1.144816205e-01 1.250863075e-01 1.366929710e-01
 1.495290846e-01 1.638859063e-01 1.801020801e-01 1.983435005e-01 2.125858814e-01
 2.199111879e-01 2.187473625e-01 2.091851532e-01 1.979339868e-01 1.883900762e-01
 1.606196893e-04 3.029656596e-03 9.489575401e-03 1.954093948e-02 2.726797201e-02
 2.711073682e-02 2.610492148e-02 2.493924275e-02 2.361147851e-02 2.212547697e-02
 2.050967328e-02 1.877115667e-02 1.692169160e-02 1.497789752e-02 1.296129543e-02
 1.089810394e-02 8.818768896e-03 6.757247262e-03 4.750125110e-03 2.835655585e-03
 1.052811625e-03-5.595745752e-04-1.963540912e-03-3.122583497e-03-4.002126399e-03
-4.569920246e-03-4.796428140e-03-4.655255005e-03-4.123659804e-03-3.183169058e-03
-1.820260426e-03-2.705423867e-05 2.198103815e-03 4.850314464e-03 7.918221876e-03
 1.138471533e-02 1.522832178e-02 1.942583360e-02 2.395391650e-02 2.873019502e-02
 3.375382721e-02 3.900655359e-02 4.444784671e-02 5.001135543e-02 5.570139736e-02
 6.161190197e-02 6.779382378e-02 7.427264750e-02 8.107076585e-02 8.821068704e-02
 9.569891542e-02 1.036234424e-01 1.122490615e-01 1.212723553e-01 1.307648718e-01
 1.406895220e-01 1.508942693e-01 1.610043794e-01 1.702741832e-01 1.776237041e-01
 1.821180284e-01 1.834113598e-01 1.818642616e-01 1.784207821e-01 1.740930378e-01
 1.613935747e-04 3.044251818e-03 9.535329416e-03 1.963203587e-02 2.742550150e-02
 2.734743059e-02 2.646381408e-02 2.543623373e-02 2.426638268e-02 2.295896783e-02
 2.154459059e-02 2.003232203e-02 1.843403839e-02 1.676514000e-02 1.504489593e-02
 1.329647750e-02 1.154669281e-02 9.825496934e-03 8.165313862e-03 6.600261200e-03
 5.165329203e-03 3.895586124e-03 2.825437579e-03 1.987966010e-03 1.414341154e-03
 1.133281854e-03 1.170542790e-03 1.548400498e-03 2.285128227e-03 3.394473577e-03
 4.885181785e-03 6.760636345e-03 9.018715471e-03 1.165197976e-02 1.464821771e-02
 1.799177378e-02 2.166321129e-02 2.565185539e-02 2.989418805e-02 3.438997641e-02
 3.914030269e-02 4.415000975e-02 4.951599613e-02 5.448640138e-02 5.933292955e-02
 6.456639618e-02 7.008490711e-02 7.586555183e-02 8.190143108e-02 8.819220960e-02
 9.474772215e-02 1.015996486e-01 1.087449938e-01 1.161057428e-01 1.235908121e-01
 1.310781837e-01 1.383820027e-01 1.452349573e-01 1.512972265e-01 1.562108994e-01
 1.596947759e-01 1.616345942e-01 1.621189117e-01 1.614016145e-01 1.598113030e-01
 1.620808325e-04 3.057298250e-03 9.577050805e-03 1.970128529e-02 2.758149430e-02
 2.760312147e-02 2.680478990e-02 2.589285560e-02 2.486939356e-02 2.373827808e-02
 2.250555344e-02 2.120144106e-02 1.983702928e-02 1.842617616e-02 1.698593423e-02
 1.553662028e-02 1.410163753e-02 1.270710211e-02 1.138130669e-02 1.015408151e-02
 9.056096897e-03 8.118140511e-03 7.370415609e-03 6.841870025e-03 6.559567992e-03
 6.548102014e-03 6.829043385e-03 7.420430891e-03 8.336311206e-03 9.586348198e-03
 1.117556356e-02 1.310428884e-02 1.536834333e-02 1.795986667e-02 2.086664550e-02
 2.408404462e-02 2.755147032e-02 3.127376735e-02 3.524729237e-02 3.947281837e-02
 4.395544529e-02 4.875604808e-02 5.362319946e-02 5.766744167e-02 6.216163561e-02
 6.688065827e-02 7.180311531e-02 7.691505551e-02 8.220212907e-02 8.764747530e-02
 9.322564304e-02 9.898117930e-02 1.049514487e-01 1.109405607e-01 1.168760359e-01
 1.226603985e-01 1.281671673e-01 1.332465112e-01 1.377381682e-01 1.414934546e-01
 1.444024593e-01 1.464169770e-01 1.475598216e-01 1.479167640e-01 1.476147920e-01
 1.626012381e-04 3.067045938e-03 9.607139975e-03 1.982813142e-02 2.767792903e-02
 2.774104662e-02 2.705541626e-02 2.626515739e-02 2.538061328e-02 2.441028319e-02
 2.336203866e-02 2.224479243e-02 2.109317482e-02 1.991866156e-02 1.873600110e-02
 1.756286807e-02 1.641956158e-02 1.532863919e-02 1.431446057e-02 1.340266038e-02
 1.261954755e-02 1.199148223e-02 1.154423691e-02 1.130237430e-02 1.128865406e-02
 1.152347215e-02 1.202434115e-02 1.280546281e-02 1.387740020e-02 1.524679083e-02
 1.691620611e-02 1.888452284e-02 2.114588954e-02 2.370009013e-02 2.649167366e-02
 2.952262200e-02 3.278506920e-02 3.627453744e-02 3.999011964e-02 4.394120350e-02
 4.817851260e-02 5.287234858e-02 5.642180517e-02 6.038345769e-02 6.451391429e-02
 6.878349930e-02 7.317885011e-02 7.768642902e-02 8.229155838e-02 8.697775006e-02
 9.172891825e-02 9.657622874e-02 1.015189365e-01 1.064219177e-01 1.112091243e-01
 1.158087030e-01 1.201413199e-01 1.241230592e-01 1.276718378e-01 1.307161152e-01
 1.332042217e-01 1.351115704e-01 1.364438236e-01 1.372348070e-01 1.375402212e-01
 1.629785838e-04 3.074140521e-03 9.629424661e-03 1.980868541e-02 2.778119594e-02
 2.786820382e-02 2.723483555e-02 2.654230222e-02 2.578000166e-02 2.495231293e-02
 2.406549826e-02 2.312624268e-02 2.216998115e-02 2.120961435e-02 2.025947347e-02
 1.933560148e-02 1.845582947e-02 1.763961650e-02 1.690775529e-02 1.628197357e-02
 1.578446478e-02 1.543734875e-02 1.526213437e-02 1.527919248e-02 1.550728641e-02
 1.596306451e-02 1.666057110e-02 1.761090197e-02 1.882248931e-02 2.030059695e-02
 2.204587683e-02 2.406331897e-02 2.630646899e-02 2.877690643e-02 3.146530315e-02
 3.436252102e-02 3.745805100e-02 4.074051604e-02 4.419693351e-02 4.780872911e-02
 5.153936520e-02 5.531738698e-02 5.908037350e-02 6.285608560e-02 6.668001413e-02
 7.055819035e-02 7.448470592e-02 7.844955474e-02 8.244054765e-02 8.644484729e-02
 9.046158195e-02 9.455133975e-02 9.869831055e-02 1.027661934e-01 1.066889837e-01
 1.104213893e-01 1.139175370e-01 1.171309426e-01 1.200177819e-01 1.225407943e-01
 1.246731058e-01 1.264010519e-01 1.277255565e-01 1.286616176e-01 1.292361617e-01
 1.632063941e-04 3.078513546e-03 9.643816389e-03 1.985550858e-02 2.785076946e-02
 2.793844230e-02 2.729834430e-02 2.670150995e-02 2.605366893e-02 2.535528131e-02
 2.461555228e-02 2.384542488e-02 2.305573970e-02 2.228174917e-02 2.153607644e-02
 2.083240636e-02 2.018601820e-02 1.961341314e-02 1.913208328e-02 1.876021549e-02
 1.851632260e-02 1.841875724e-02 1.848519780e-02 1.873221248e-02 1.917537116e-02
 1.982873306e-02 2.070388198e-02 2.180787176e-02 2.315014414e-02 2.474243939e-02
 2.654886246e-02 2.857443504e-02 3.081351705e-02 3.325892985e-02 3.590002656e-02
 3.872298077e-02 4.171144217e-02 4.484803975e-02 4.811384156e-02 5.148128793e-02
 5.491659418e-02 5.840224400e-02 6.191748381e-02 6.544379890e-02 6.896997243e-02
 7.248686999e-02 7.598508894e-02 7.945489883e-02 8.288646489e-02 8.626728505e-02
 8.957497776e-02 9.313336015e-02 9.666404873e-02 1.000470296e-01 1.032683477e-01
 1.063094884e-01 1.091475636e-01 1.117583439e-01 1.141186655e-01 1.162087396e-01
 1.180140376e-01 1.195267737e-01 1.207466349e-01 1.216808036e-01 1.223431900e-01
 1.631569903e-04 3.077816218e-03 9.643511847e-03 1.987160556e-02 2.785813063e-02
 2.800645679e-02 2.740252763e-02 2.677656151e-02 2.620719559e-02 2.560260892e-02
 2.498084307e-02 2.435325831e-02 2.372945473e-02 2.311821654e-02 2.255317196e-02
 2.204325236e-02 2.160226367e-02 2.124397457e-02 2.098280564e-02 2.083390020e-02
 2.081286162e-02 2.093525790e-02 2.121564187e-02 2.166549675e-02 2.229875140e-02
 2.313082106e-02 2.417961694e-02 2.542011440e-02 2.686548606e-02 2.852249891e-02
 3.039040603e-02 3.246800974e-02 3.475128859e-02 3.723267838e-02 3.989968449e-02
 4.273234680e-02 4.569844157e-02 4.876759276e-02 5.191008747e-02 5.513539910e-02
 5.842378363e-02 6.174676865e-02 6.507405639e-02 6.837771833e-02 7.163351029e-02
 7.482116669e-02 7.792416215e-02 8.092944324e-02 8.382983506e-02 8.661643416e-02
 8.963177353e-02 9.264494479e-02 9.552304447e-02 9.825839847e-02 1.008465216e-01
 1.032792702e-01 1.055460125e-01 1.076348200e-01 1.095337421e-01 1.112321317e-01
 1.127218381e-01 1.139980704e-01 1.150599867e-01 1.159108430e-01 1.165578216e-01
 1.625331206e-04 3.066456877e-03 9.611004032e-03 1.978539675e-02 2.776126005e-02
 2.792645060e-02 2.734335698e-02 2.674041316e-02 2.617532387e-02 2.563523129e-02
 2.511089295e-02 2.460929751e-02 2.413705736e-02 2.370116301e-02 2.331005037e-02
 2.296860516e-02 2.271004394e-02 2.254188061e-02 2.247459628e-02 2.252069116e-02
 2.269436046e-02 2.301175892e-02 2.349230647e-02 2.411895432e-02 2.490873076e-02
 2.587511577e-02 2.702827379e-02 2.837328054e-02 2.991642617e-02 3.166322783e-02
 3.361760825e-02 3.578203544e-02 3.815688193e-02 4.073912278e-02 4.352037236e-02
 4.647925869e-02 4.963408783e-02 5.253655836e-02 5.563839152e-02 5.885736272e-02
 6.213435903e-02 6.542080641e-02 6.867099553e-02 7.184273750e-02 7.490014285e-02
 7.781427354e-02 8.055800200e-02 8.314747363e-02 8.559362590e-02 8.819063008e-02
 9.065411985e-02 9.299006313e-02 9.520314634e-02 9.729679674e-02 9.927221388e-02
 1.011280119e-01 1.028603986e-01 1.044637710e-01 1.059316471e-01 1.072575897e-01
 1.084360629e-01 1.094631553e-01 1.103370264e-01 1.110582128e-01 1.116296202e-01
 1.608261955e-04 3.034934169e-03 9.517339058e-03 1.966506243e-02 2.749221213e-02
 2.759226039e-02 2.697178163e-02 2.637538873e-02 2.583585680e-02 2.535762452e-02
 2.493332513e-02 2.455984429e-02 2.423650958e-02 2.396515757e-02 2.375038154e-02
 2.359947190e-02 2.352358401e-02 2.353326231e-02 2.363934927e-02 2.385316789e-02
 2.418638952e-02 2.465060726e-02 2.525641769e-02 2.601129375e-02 2.692478523e-02
 2.800672688e-02 2.926636487e-02 3.071200289e-02 3.235150129e-02 3.419238329e-02
 3.624208644e-02 3.850862756e-02 4.100207612e-02 4.373638704e-02 4.668090865e-02
 4.969116300e-02 5.274470896e-02 5.594168976e-02 5.927252397e-02 6.269510090e-02
 6.615640968e-02 6.959234178e-02 7.293321192e-02 7.611914724e-02 7.905919105e-02
 8.181355894e-02 8.437836170e-02 8.667013049e-02 8.876261115e-02 9.066618234e-02
 9.241497517e-02 9.403765202e-02 9.555737674e-02 9.699073434e-02 9.834759682e-02
 9.963203222e-02 1.008436233e-01 1.019788906e-01 1.030325517e-01 1.039986238e-01
 1.048712805e-01 1.056455299e-01 1.063176468e-01 1.068854779e-01 1.073485240e-01
 1.572536130e-04 2.968226559e-03 9.314319119e-03 1.921925880e-02 2.689261548e-02
 2.680271305e-02 2.608041838e-02 2.547940984e-02 2.501290292e-02 2.465802245e-02
 2.438494936e-02 2.417520992e-02 2.402002737e-02 2.391741425e-02 2.387015522e-02
 2.388438396e-02 2.396858670e-02 2.413247712e-02 2.438647300e-02 2.474137023e-02
 2.520807087e-02 2.579733543e-02 2.651953883e-02 2.738458104e-02 2.840236388e-02
 2.958279289e-02 3.093562089e-02 3.247028217e-02 3.419583291e-02 3.612101078e-02
 3.825454041e-02 4.060574993e-02 4.318432510e-02 4.599508271e-02 4.901280254e-02
 5.219819024e-02 5.557329580e-02 5.913858116e-02 6.287118793e-02 6.672611088e-02
 7.063077390e-02 7.453899831e-02 7.828749716e-02 8.178790659e-02 8.496004343e-02
 8.763349801e-02 8.981247991e-02 9.153132141e-02 9.287311882e-02 9.394291788e-02
 9.483856708e-02 9.563506395e-02 9.638179839e-02 9.710691124e-02 9.782326221e-02
 9.853357822e-02 9.923435748e-02 9.991854429e-02 1.005773842e-01 1.012016833e-01
 1.017826200e-01 1.023123041e-01 1.027841121e-01 1.031928807e-01 1.035349518e-01
 1.512260351e-04 2.853106707e-03 8.945193142e-03 1.844844222e-02 2.558549121e-02
 2.502259053e-02 2.415709384e-02 2.371958084e-02 2.356255241e-02 2.350906283e-02
 2.349467762e-02 2.350750007e-02 2.354691923e-02 2.361799404e-02 2.372887172e-02
 2.388938144e-02 2.411024645e-02 2.440261468e-02 2.477780171e-02 2.524711192e-02
 2.582168393e-02 2.651233226e-02 2.732947469e-02 2.828324027e-02 2.938378789e-02
 3.064172342e-02 3.206811845e-02 3.367384523e-02 3.546923772e-02 3.746348619e-02
 3.966216370e-02 4.207214341e-02 4.471253231e-02 4.758967087e-02 5.070182681e-02
 5.420266092e-02 5.798991770e-02 6.201727688e-02 6.627755612e-02 7.095421106e-02
 7.579239458e-02 8.073852211e-02 8.554849029e-02 8.985359967e-02 9.336400032e-02
 9.591619670e-02 9.747537225e-02 9.814902395e-02 9.820911288e-02 9.798326343e-02
 9.769725800e-02 9.746399522e-02 9.732801467e-02 9.729877859e-02 9.736890346e-02
 9.752344340e-02 9.774469584e-02 9.801458567e-02 9.831594676e-02 9.863310307e-02
 9.895215929e-02 9.926109761e-02 9.954980016e-02 9.980998188e-02 1.000350863e-01
 1.444265363e-04 2.720575547e-03 8.497012779e-03 1.741556264e-02 2.327219583e-02
 1.966481842e-02 2.012391575e-02 2.132600546e-02 2.185819857e-02 2.222455293e-02
 2.250867151e-02 2.274621278e-02 2.296291292e-02 2.318056300e-02 2.341798320e-02
 2.369151637e-02 2.401565574e-02 2.440366521e-02 2.486814931e-02 2.542147227e-02
 2.607566118e-02 2.684181742e-02 2.772986144e-02 2.874885872e-02 2.990660258e-02
 3.121228144e-02 3.268453479e-02 3.433998674e-02 3.617644683e-02 3.824010491e-02
 4.052934796e-02 4.298659787e-02 4.569296166e-02 4.859929904e-02 5.185938999e-02
 5.566947907e-02 5.981720239e-02 6.438457221e-02 6.935784221e-02 7.486795634e-02
 8.101574332e-02 8.791497350e-02 9.560234100e-02 1.019031629e-01 1.063781828e-01
 1.086962000e-01 1.094971821e-01 1.074153632e-01 1.044191271e-01 1.020290330e-01
 1.001920104e-01 9.880846739e-02 9.778956324e-02 9.706138074e-02 9.656351060e-02
 9.624675661e-02 9.607081115e-02 9.600250423e-02 9.601431340e-02 9.608333558e-02
 9.619046748e-02 9.631980211e-02 9.645814449e-02 9.659467638e-02 9.672060609e-02
 1.408156386e-04 2.650846960e-03 8.268519305e-03 1.688452996e-02 2.245318703e-02
 1.922251098e-02 1.901587285e-02 2.010879479e-02 2.081602626e-02 2.137546986e-02
 2.180393226e-02 2.214334346e-02 2.243786305e-02 2.272286080e-02 2.302351967e-02
 2.335792966e-02 2.374069579e-02 2.418420464e-02 2.469944768e-02 2.529917285e-02
 2.600092441e-02 2.681972273e-02 2.775539272e-02 2.882132307e-02 3.003896214e-02
 3.135702014e-02 3.280541673e-02 3.446715325e-02 3.647188470e-02 3.864623979e-02
 4.096999019e-02 4.353815317e-02 4.637491331e-02 4.944610968e-02 5.287650228e-02
 5.667771399e-02 6.088317558e-02 6.556008756e-02 7.080902904e-02 7.678788155e-02
 8.374185860e-02 9.204820544e-02 1.022004411e-01 1.101159826e-01 1.153808311e-01
 1.173083559e-01 1.179787517e-01 1.131314337e-01 1.075714082e-01 1.035665423e-01
 1.006699055e-01 9.854784608e-02 9.698171914e-02 9.582608193e-02 9.498015791e-02
 9.437125176e-02 9.394499660e-02 9.365954250e-02 9.348187596e-02 9.338552505e-02
 9.334895015e-02 9.335451573e-02 9.338769317e-02 9.343653172e-02 9.349123389e-02
 1.422576461e-04 2.678939840e-03 8.362297900e-03 1.713817194e-02 2.288461849e-02
 2.039557509e-02 1.975598186e-02 2.044312842e-02 2.089140192e-02 2.131872065e-02
 2.160185017e-02 2.181328088e-02 2.202526666e-02 2.227192558e-02 2.257087640e-02
 2.291676402e-02 2.330861054e-02 2.378136665e-02 2.431079559e-02 2.490310743e-02
 2.555887401e-02 2.647406422e-02 2.751940861e-02 2.867227979e-02 2.995477058e-02
 3.131921962e-02 3.288498521e-02 3.463867307e-02 3.659765050e-02 3.878710419e-02
 4.115363210e-02 4.371689633e-02 4.650654271e-02 4.954710230e-02 5.287180841e-02
 5.651903152e-02 6.053382903e-02 6.497524679e-02 6.992490590e-02 7.549878210e-02
 8.186822385e-02 8.931466937e-02 9.847885370e-02 1.055309996e-01 1.103059798e-01
 1.119971052e-01 1.130360067e-01 1.086694375e-01 1.038915813e-01 1.004677042e-01
 9.789120406e-02 9.592347592e-02 9.441377968e-02 9.325659275e-02 9.237456322e-02
 9.170927107e-02 9.121544659e-02 9.085732698e-02 9.060613811e-02 9.043841064e-02
 9.033478796e-02 9.027920663e-02 9.025827050e-02 9.026078880e-02 9.027744085e-02
 1.475821045e-04 2.783490811e-03 8.721229620e-03 1.796044596e-02 2.473332547e-02
 2.372115105e-02 2.271085791e-02 2.233818360e-02 2.217427641e-02 2.206690796e-02
 2.197446115e-02 2.187305316e-02 2.181361988e-02 2.198026329e-02 2.223067917e-02
 2.252084017e-02 2.282208949e-02 2.321893908e-02 2.374096774e-02 2.440553159e-02
 2.513940260e-02 2.612451278e-02 2.720496431e-02 2.840059437e-02 2.973181568e-02
 3.119000047e-02 3.279683739e-02 3.456494585e-02 3.649770468e-02 3.859930858e-02
 4.087450355e-02 4.333160445e-02 4.598367587e-02 4.884723946e-02 5.194140971e-02
 5.528735369e-02 5.890781432e-02 6.282613426e-02 6.706339121e-02 7.163046300e-02
 7.650743425e-02 8.159098029e-02 8.657738566e-02 9.091091901e-02 9.418208152e-02
 9.619904310e-02 9.692317247e-02 9.646418691e-02 9.525661916e-02 9.384022653e-02
 9.249044210e-02 9.130408615e-02 9.030332416e-02 8.948110044e-02 8.881954849e-02
 8.829772472e-02 8.789490908e-02 8.759184182e-02 8.737119287e-02 8.721761405e-02
 8.711763471e-02 8.705950528e-02 8.703299612e-02 8.702928573e-02 8.704077452e-02
 1.527346758e-04 2.883602865e-03 9.055454284e-03 1.871084049e-02 2.610693872e-02
 2.568851784e-02 2.470823377e-02 2.390808612e-02 2.328288369e-02 2.279453911e-02
 2.240348235e-02 2.207473852e-02 2.184709720e-02 2.188796550e-02 2.202743664e-02
 2.223749831e-02 2.246768773e-02 2.273211628e-02 2.315662801e-02 2.390451916e-02
 2.477653697e-02 2.573200502e-02 2.677469701e-02 2.793907560e-02 2.924300730e-02
 3.070044331e-02 3.231938183e-02 3.408493847e-02 3.597974777e-02 3.800449148e-02
 4.016575217e-02 4.247175157e-02 4.493129998e-02 4.755310342e-02 5.034499615e-02
 5.331271887e-02 5.645812303e-02 5.977619439e-02 6.325022876e-02 6.684422493e-02
 7.049207389e-02 7.408606261e-02 7.747422904e-02 8.048166335e-02 8.295372128e-02
 8.479355276e-02 8.598065376e-02 8.657526225e-02 8.670528233e-02 8.652731031e-02
 8.618112653e-02 8.576768637e-02 8.535050601e-02 8.496551216e-02 8.463055640e-02
 8.435239643e-02 8.413119614e-02 8.396340907e-02 8.384352922e-02 8.376513422e-02
 8.372155577e-02 8.370625228e-02 8.371301740e-02 8.373613656e-02 8.377040178e-02
 1.545243431e-04 2.917940030e-03 9.165870026e-03 1.897772402e-02 2.645987272e-02
 2.616223879e-02 2.520291135e-02 2.432860248e-02 2.357259393e-02 2.294429578e-02
 2.243836038e-02 2.204437740e-02 2.177663520e-02 2.169976942e-02 2.178089321e-02
 2.196493745e-02 2.219934389e-02 2.246754803e-02 2.283631824e-02 2.346423455e-02
 2.434848621e-02 2.524680085e-02 2.610596828e-02 2.725918405e-02 2.849371172e-02
 2.989818715e-02 3.158339858e-02 3.336828947e-02 3.521145508e-02 3.713639826e-02
 3.915736079e-02 4.128419980e-02 4.352371767e-02 4.587991908e-02 4.835367948e-02
 5.094190314e-02 5.363616347e-02 5.642081425e-02 5.927057937e-02 6.214793772e-02
 6.500106305e-02 6.776388735e-02 7.036012411e-02 7.271218300e-02 7.475345582e-02
 7.644011080e-02 7.775868475e-02 7.872744650e-02 7.939097285e-02 7.980945706e-02
 8.004653454e-02 8.015978336e-02 8.019594103e-02 8.018994331e-02 8.016628772e-02
 8.014107496e-02 8.012414724e-02 8.012084663e-02 8.013337851e-02 8.016183227e-02
 8.020494133e-02 8.026060462e-02 8.032623678e-02 8.039905876e-02 8.047623932e-02
 1.518687641e-04 2.869543387e-03 9.025865234e-03 1.867504045e-02 2.608127147e-02
 2.569628879e-02 2.466488816e-02 2.374170907e-02 2.295803651e-02 2.232336067e-02
 2.183350921e-02 2.147579752e-02 2.122238651e-02 2.117867768e-02 2.130245417e-02
 2.152650245e-02 2.185110934e-02 2.227244340e-02 2.280737832e-02 2.345465124e-02
 2.420544438e-02 2.500554174e-02 2.582146972e-02 2.688721754e-02 2.805522829e-02
 2.938729711e-02 3.097396716e-02 3.265023977e-02 3.436490148e-02 3.613907844e-02
 3.798502311e-02 3.991015628e-02 4.191826284e-02 4.400981590e-02 4.618186876e-02
 4.842762649e-02 5.073580518e-02 5.308987945e-02 5.546737835e-02 5.783945322e-02
 6.017113477e-02 6.242266670e-02 6.455217302e-02 6.651957333e-02 6.829118729e-02
 6.984389573e-02 7.116792351e-02 7.226743549e-02 7.315892726e-02 7.386775315e-02
 7.442393154e-02 7.485821098e-02 7.519909739e-02 7.547117770e-02 7.569447905e-02
 7.588455081e-02 7.605294883e-02 7.620792091e-02 7.635501772e-02 7.649774849e-02
 7.663805783e-02 7.677676529e-02 7.691387832e-02 7.704883814e-02 7.718074322e-02
 1.425909140e-04 2.699278062e-03 8.527125232e-03 1.779537462e-02 2.477434091e-02
 2.411306463e-02 2.296224236e-02 2.204408869e-02 2.134411596e-02 2.083654515e-02
 2.049683966e-02 2.030507848e-02 2.025114931e-02 2.034019493e-02 2.056609280e-02
 2.091214992e-02 2.136631124e-02 2.192193270e-02 2.257247828e-02 2.329733595e-02
 2.408581041e-02 2.493148856e-02 2.584550530e-02 2.685744502e-02 2.797497809e-02
 2.920664474e-02 3.055653721e-02 3.200051934e-02 3.351308033e-02 3.509062529e-02
 3.673433512e-02 3.844519705e-02 4.022262618e-02 4.206388816e-02 4.396373779e-02
 4.591412097e-02 4.790388793e-02 4.991860315e-02 5.194048584e-02 5.394860730e-02
 5.591945723e-02 5.782798678e-02 5.964909866e-02 6.135948747e-02 6.293959916e-02
 6.437532604e-02 6.565913558e-02 6.679041684e-02 6.777494401e-02 6.862368435e-02
 6.935111433e-02 6.997350603e-02 7.050742954e-02 7.096854597e-02 7.137089968e-02
 7.172652334e-02 7.204535604e-02 7.233534008e-02 7.260262221e-02 7.285181433e-02
 7.308623940e-02 7.330820709e-02 7.351920009e-02 7.372007519e-02 7.391123474e-02
 1.215585798e-04 2.307038289e-03 7.338543888e-03 1.549933199e-02 2.149320021e-02
 2.051921934e-02 1.956664026e-02 1.898678765e-02 1.864365116e-02 1.847537421e-02
 1.845011860e-02 1.855080388e-02 1.876844838e-02 1.909798570e-02 1.953473315e-02
 2.007239684e-02 2.070270665e-02 2.141527273e-02 2.219731919e-02 2.303465270e-02
 2.391456813e-02 2.482934482e-02 2.577862516e-02 2.676874585e-02 2.780946903e-02
 2.891048416e-02 3.007846139e-02 3.131564334e-02 3.262120858e-02 3.399353847e-02
 3.543085605e-02 3.693082184e-02 3.848999366e-02 4.010349140e-02 4.176475108e-02
 4.346538708e-02 4.519511014e-02 4.694174230e-02 4.869133234e-02 5.042844638e-02
 5.213661864e-02 5.379901081e-02 5.539924279e-02 5.692229792e-02 5.835545808e-02
 5.968905613e-02 6.091702357e-02 6.203706935e-02 6.305052340e-02 6.396183372e-02
 6.477791816e-02 6.550730020e-02 6.615938991e-02 6.674375385e-02 6.726960838e-02
 6.774543226e-02 6.817875803e-02 6.857606769e-02 6.894280761e-02 6.928342581e-02
 6.960147619e-02 6.989974529e-02 7.018034905e-02 7.044485211e-02 7.069437951e-02
 8.556412649e-05 1.615659217e-03 5.087362602e-03 1.059905346e-02 1.344568934e-02
 1.408911590e-02 1.449024677e-02 1.482074521e-02 1.514832675e-02 1.550500002e-02
 1.590939611e-02 1.637446135e-02 1.691010036e-02 1.752387360e-02 1.822070964e-02
 1.900199614e-02 1.986415684e-02 2.079684846e-02 2.178148739e-02 2.279188298e-02
 2.379905246e-02 2.478008531e-02 2.572688274e-02 2.664894052e-02 2.756821550e-02
 2.851001360e-02 2.949560434e-02 3.053909913e-02 3.164777905e-02 3.282380849e-02
 3.406594694e-02 3.537071124e-02 3.673305362e-02 3.814665601e-02 3.960408643e-02
 4.109682888e-02 4.261534289e-02 4.414913431e-02 4.568688571e-02 4.721668363e-02
 4.872630537e-02 5.020362511e-02 5.163704976e-02 5.301602185e-02 5.433145538e-02
 5.557613447e-02 5.674497783e-02 5.783515051e-02 5.884601176e-02 5.977890640e-02
 6.063686684e-02 6.142420322e-02 6.214609742e-02 6.280822307e-02 6.341638416e-02
 6.397625804e-02 6.449318677e-02 6.497202814e-02 6.541711837e-02 6.583222747e-02
 6.622055173e-02 6.658477336e-02 6.692711264e-02 6.724935770e-02 6.755293161e-02
 4.761594755e-05 8.798923809e-04 2.621596679e-03 4.865041003e-03 6.913644727e-03
 8.511438966e-03 9.763370268e-03 1.078776643e-02 1.167584583e-02 1.249229815e-02
 1.328290999e-02 1.408131234e-02 1.491352078e-02 1.580065303e-02 1.676027477e-02
 1.780642010e-02 1.894767396e-02 2.018181980e-02 2.148526348e-02 2.279987000e-02
 2.403455973e-02 2.510322630e-02 2.597834170e-02 2.670814469e-02 2.737972885e-02
 2.806811035e-02 2.881675400e-02 2.964414842e-02 3.055469319e-02 3.154587746e-02
 3.261201829e-02 3.374599293e-02 3.494000435e-02 3.618587926e-02 3.747513518e-02
 3.879898041e-02 4.014834017e-02 4.151384905e-02 4.288593307e-02 4.425492510e-02
 4.561123252e-02 4.694555327e-02 4.824912176e-02 4.951395467e-02 5.073309690e-02
 5.190081894e-02 5.301275477e-02 5.406597257e-02 5.505895987e-02 5.599152669e-02
 5.686465278e-02 5.768029019e-02 5.844114348e-02 5.915042758e-02 5.981167406e-02
 6.042852625e-02 6.100460887e-02 6.154338643e-02 6.204809621e-02 6.252168864e-02
 6.296680123e-02 6.338576972e-02 6.378059089e-02 6.415300816e-02 6.450447440e-02
 1.527730107e+00 1.583167195e+00 1.587528706e+00 1.602607727e+00 1.621124268e+00
 1.640865922e+00 1.659850478e+00 1.680776119e+00 1.701432943e+00 1.722247481e+00
 1.744118929e+00 1.766005993e+00 1.788287640e+00 1.810911655e+00 1.834455729e+00
 1.858234167e+00 1.882947087e+00 1.908185363e+00 1.934315205e+00 1.961738944e+00
 1.989798903e+00 2.019208670e+00 2.049652576e+00 2.081648350e+00 2.115222454e+00
 2.150269985e+00 2.187264442e+00 2.226102114e+00 2.267094612e+00 2.310494184e+00
 2.356505871e+00 2.405240536e+00 2.456997633e+00 2.512160778e+00 2.570952892e+00
 2.633820295e+00 2.701214314e+00 2.773396969e+00 2.851062059e+00 2.934775114e+00
 3.025104284e+00 3.122991085e+00 3.229130983e+00 3.344824791e+00 3.471290827e+00
 3.609051228e+00 3.761472940e+00 3.929023504e+00 4.114801407e+00 4.322070122e+00
 4.553376198e+00 4.813907623e+00 5.108481884e+00 5.446890354e+00 5.832649231e+00
 6.282229900e+00 6.811347485e+00 7.436970234e+00 8.192649841e+00 9.127376556e+00
 1.030911732e+01 1.185560608e+01 1.392576313e+01 1.712402916e+01 2.993756485e+01
   81   38
 2.079360783e-01 0.000000000e+00 2.106249928e-01 1.368745416e-01 2.136286646e-01
 2.062499970e-01 2.224420458e-01 3.437500000e-01 2.368331105e-01 4.812499881e-01
 2.469196022e-01 5.500000119e-01 2.714125514e-01 6.875000000e-01 2.871669829e-01
 7.562500238e-01 3.109374940e-01 8.446638584e-01 3.443750143e-01 9.480375648e-01
 3.758323491e-01 1.031250000e+00 4.059094489e-01 1.100000024e+00 4.412055910e-01
 1.168750048e+00 4.781250060e-01 1.225856543e+00 5.115625262e-01 1.260740519e+00
 5.784375072e-01 1.281881452e+00 6.453124881e-01 1.271613717e+00 7.121875286e-01
 1.244636059e+00 7.456250191e-01 1.228125453e+00 8.125000000e-01 1.192012310e+00
 8.475649357e-01 1.168750048e+00 9.128124714e-01 1.126150489e+00 9.469161630e-01
 1.100000024e+00 1.013124943e+00 1.048593879e+00 1.046562552e+00 1.019548416e+00
 1.106653333e+00 9.624999762e-01 1.146875024e+00 9.220470190e-01 1.180312514e+00
 8.835691214e-01 1.226481199e+00 8.249999881e-01 1.274923801e+00 7.562500238e-01
 1.314062476e+00 6.945823431e-01 1.347499967e+00 6.351764202e-01 1.380937457e+00
 5.686802864e-01 1.414374948e+00 4.943437874e-01 1.447191238e+00 4.124999940e-01
 1.472181439e+00 3.437500000e-01 1.494371414e+00 2.750000060e-01 1.514687538e+00
 1.975047290e-01 1.536597967e+00 6.875000149e-02 1.538564086e+00-6.875000149e-02
 1.518869519e+00-2.062499970e-01 1.501976967e+00-2.750000060e-01 1.481250048e+00
-3.455609977e-01 1.447812557e+00-4.424338043e-01 1.414374948e+00-5.280681252e-01
 1.380937457e+00-6.043301225e-01 1.347499967e+00-6.720559597e-01 1.314062476e+00
-7.325063944e-01 1.280624986e+00-7.871663570e-01 1.247187495e+00-8.365129828e-01
 1.203446031e+00-8.937500119e-01 1.146875024e+00-9.600691199e-01 1.113437533e+00
-9.960238338e-01 1.075920939e+00-1.031250000e+00 1.013124943e+00-1.088174582e+00
 9.796875119e-01-1.116404891e+00 9.128124714e-01-1.167528033e+00 8.793749809e-01
-1.193994999e+00 8.156010509e-01-1.237499952e+00 7.790625095e-01-1.263932109e+00
 7.121875286e-01-1.303902984e+00 6.787499785e-01-1.326262712e+00 6.118749976e-01
-1.362891436e+00 5.784375072e-01-1.380108237e+00 5.137130022e-01-1.411378622e+00
 4.824259877e-01-1.422840357e+00 4.539750218e-01-1.306249976e+00 4.293875098e-01
-1.237499952e+00 4.036840796e-01-1.168750048e+00 3.778125048e-01-1.097997427e+00
 3.443750143e-01-1.004473925e+00 3.109374940e-01-8.952670097e-01 2.920223176e-01
-8.249999881e-01 2.761438191e-01-7.562500238e-01 2.502706051e-01-6.187499762e-01
 2.402568758e-01-5.500000119e-01 2.247129828e-01-4.124999940e-01 2.150281221e-01
-2.750000060e-01 2.106249928e-01-1.649587303e-01 2.079705745e-01-6.875000149e-02
 2.079360783e-01 0.000000000e+00
 1.851000041e-01 0.000000000e+00 1.851000041e-01 1.008100033e+00 2.793999910e-01
 1.171399951e+00 2.793999910e-01 1.577999949e+00 2.978999913e-01 1.603399992e+00
 5.712000132e-01 1.603399992e+00 5.712000132e-01 1.628000021e+00 6.169999838e-01
 1.628000021e+00 1.194000006e+00 1.401000023e+00 1.043300033e+00 1.429999948e+00
 1.319200039e+00 1.039700031e+00 1.335800052e+00 9.976000190e-01 1.485100031e+00
 5.450000167e-01 1.479099989e+00 4.995000064e-01 1.517400026e+00 3.059999943e-01
 1.531299949e+00 2.354999930e-01 1.546399951e+00 1.586000025e-01 1.560799956e+00
 8.009999990e-02 1.567000031e+00 0.000000000e+00 1.565700054e+00-1.769999973e-02
 1.554299951e+00-1.123000011e-01 1.534100056e+00-2.210000008e-01 1.518100023e+00
-3.025999963e-01 1.481799960e+00-4.860000014e-01 1.485100031e+00-5.450000167e-01
 1.335800052e+00-9.976000190e-01 1.319200039e+00-1.039700031e+00 1.043300033e+00
-1.429999948e+00 1.194000006e+00-1.401000023e+00 6.169999838e-01-1.628000021e+00
 5.712000132e-01-1.628000021e+00 5.712000132e-01-1.603399992e+00 2.978999913e-01
-1.603399992e+00 2.793999910e-01-1.577999949e+00 2.793999910e-01-1.171399951e+00
 1.851000041e-01-1.008100033e+00 1.851000041e-01 0.000000000e+00 1.851000041e-01
 0.000000000e+00
    0 0.000000000e+00    0
 0.000000000e+00 7.482438534e-02 1.094290838e-01 1.357387006e-01 1.578386426e-01
 1.775629967e-01 1.955184489e-01 2.121688724e-01 2.277855575e-01 2.426257282e-01
 2.566670775e-01 2.702593803e-01 2.833533287e-01 2.959500253e-01 3.082384467e-01
 3.201953471e-01 3.318859339e-01 3.433335125e-01 3.545145690e-01 3.655280173e-01
 3.764089048e-01 3.871102929e-01 3.976592422e-01 4.080972672e-01 4.184546173e-01
 4.287153482e-01 4.389090836e-01 4.490475655e-01 4.591231048e-01 4.691725969e-01
 4.792031050e-01 4.892354608e-01 4.992639720e-01 5.093241930e-01 5.193812847e-01
 5.295055509e-01 5.396915078e-01 5.499266982e-01 5.602673292e-01 5.707088113e-01
 5.812533498e-01 5.919451714e-01 6.027806401e-01 6.138063073e-01 6.250498295e-01
 6.364623904e-01 6.481943130e-01 6.601725221e-01 6.724758744e-01 6.851602793e-01
 6.982377172e-01 7.117861509e-01 7.258284688e-01 7.405672669e-01 7.558809519e-01
 7.720233798e-01 7.891538143e-01 8.073022962e-01 8.267773390e-01 8.478613496e-01
 8.707769513e-01 8.963395357e-01 9.249738455e-01 9.585281610e-01 1.000000000e+00
    1
 0.000000000e+00 0.000000000e+00 0.000000000e+00 0.000000000e+00 0.000000000e+00
 0.000000000e+00 0.000000000e+00 0.000000000e+00 0.000000000e+00 0.000000000e+00
 0.000000000e+00 0.000000000e+00 0.000000000e+00 0.000000000e+00 0.000000000e+00
 0.000000000e+00 0.000000000e+00 0.000000000e+00 0.000000000e+00 0.000000000e+00
 0.000000000e+00 0.000000000e+00 0.000000000e+00 0.000000000e+00 0.000000000e+00
 0.000000000e+00 0.000000000e+00 0.000000000e+00 0.000000000e+00 0.000000000e+00
 0.000000000e+00 0.000000000e+00 0.000000000e+00 0.000000000e+00 0.000000000e+00
 0.000000000e+00 0.000000000e+00 0.000000000e+00 0.000000000e+00 0.000000000e+00
 0.000000000e+00 0.000000000e+00 0.000000000e+00 0.000000000e+00 0.000000000e+00
 0.000000000e+00 0.000000000e+00 0.000000000e+00 0.000000000e+00 0.000000000e+00
 0.000000000e+00 0.000000000e+00 0.000000000e+00 0.000000000e+00 0.000000000e+00
 0.000000000e+00 0.000000000e+00 0.000000000e+00 0.000000000e+00 0.000000000e+00
 0.000000000e+00 0.000000000e+00 0.000000000e+00 0.000000000e+00 0.000000000e+00
